 -2.5000000000000e-01   -2.5000000000000e-01
 -2.5000000000000e-01    2.5000000000000e-01
  2.5000000000000e-01   -2.5000000000000e-01
  2.5000000000000e-01    2.5000000000000e-01
 -9.9592953635750e-01   -9.0135224148953e-02
 -9.9957844557561e-01   -2.9033283997726e-02
 -9.9945579922855e-01    3.2986451635715e-02
 -9.9553457588268e-01    9.4397604649476e-02
 -9.6487026366527e-01   -2.6272680264816e-01
 -9.7927103291576e-01   -2.0255429879631e-01
 -9.8490859470527e-01   -1.7307530182732e-01
 -9.8946728654484e-01   -1.4475665221161e-01
 -9.9308798950727e-01   -1.1737224055718e-01
 -9.9826221029117e-01   -5.8928432675626e-02
 -9.7038424297037e-01   -4.3742437008950e-02
 -9.9999981798684e-01    6.0438541943533e-04
 -9.6679123202447e-01    4.4693170503022e-02
 -9.9809804808118e-01    6.1646459336996e-02
 -9.7355770689402e-01    7.5503841844011e-02
 -9.9232312802054e-01    1.2367218910449e-01
 -9.6793995854158e-01    1.3626117084111e-01
 -9.8758967667176e-01    1.5705614356422e-01
 -9.8197741775151e-01    1.8899828141763e-01
 -9.7589893240442e-01    2.1822299104409e-01
 -9.6803504543761e-01    2.5081497335883e-01
 -9.3547542873448e-01   -3.5339174049102e-01
 -9.4662704566742e-01   -3.2233094100810e-01
 -9.5562337126616e-01   -2.9459119557408e-01
 -9.3829571210992e-01   -2.7354046875978e-01
 -9.7245910887899e-01   -2.3307355189303e-01
 -9.4993084150350e-01   -2.1204337587738e-01
 -9.5537181405668e-01   -1.7853396518830e-01
 -9.5984496530345e-01   -1.4806772838593e-01
 -9.6873305295283e-01   -1.1494378218901e-01
 -9.4949855104705e-01   -9.3314904324784e-02
 -9.7274899598451e-01   -7.7137093689438e-02
 -9.7031108294181e-01   -1.4260220751897e-02
 -9.7592400135631e-01    1.6772153624104e-02
 -9.3335609343489e-01    4.1252822296558e-02
 -9.6329177168941e-01    1.0504420985121e-01
 -9.4131434048301e-01    1.3458336072741e-01
 -9.6020144054883e-01    1.6764863065120e-01
 -9.4842598098862e-01    1.9785525018652e-01
 -9.6014581294918e-01    2.7949958411990e-01
 -9.3377416947329e-01    2.8849131839194e-01
 -9.5015256438930e-01    3.1178535272530e-01
 -9.3985848698456e-01    3.4156408578104e-01
 -9.1159230301105e-01   -4.1109545474872e-01
 -9.2483800598087e-01   -3.8036122523299e-01
 -9.1972995046105e-01   -3.3001183275280e-01
 -9.1409318633283e-01   -2.6107071966300e-01
 -9.4153391902488e-01   -2.4144678608138e-01
 -9.2774629821510e-01   -1.9247503393973e-01
 -9.2550452663852e-01   -1.5784420971905e-01
 -9.0683784180797e-01   -1.2378123510783e-01
 -9.3767269660172e-01   -1.2522407847791e-01
 -9.2144090224035e-01   -9.0580694749899e-02
 -9.4452634304136e-01   -5.9563131434557e-02
 -9.3815035115015e-01   -2.4704143245600e-02
 -9.4771441618899e-01    1.0725974629553e-02
 -9.4499276521248e-01    7.2909406263471e-02
 -9.3024063206291e-01    1.0283117515209e-01
 -9.3208289922514e-01    1.6561577231103e-01
 -9.1436305310759e-01    1.9419446063305e-01
 -9.4946592145706e-01    2.2915772768856e-01
 -9.3404864698967e-01    2.5760382390007e-01
 -9.1951833679303e-01    3.1734425505595e-01
 -9.0421820960123e-01    3.4468647601876e-01
 -9.2942558603110e-01    3.6900959519413e-01
 -9.1639243594742e-01    4.0028102962557e-01
 -8.8402022914110e-01   -4.6744864564323e-01
 -8.9823055483964e-01   -4.3952459563783e-01
 -8.8133898780431e-01   -4.1303786545331e-01
 -8.9856081418797e-01   -3.8548235185175e-01
 -9.0111353682538e-01   -3.5562710190713e-01
 -8.9302775524234e-01   -3.2165194268955e-01
 -9.2205286746071e-01   -2.9886454031337e-01
 -8.8713203335921e-01   -2.5148341962117e-01
 -9.1503010153844e-01   -2.2437662169369e-01
 -8.8385045841065e-01   -2.1649705978118e-01
 -8.9959614559183e-01   -1.8683428933045e-01
 -8.8968885545409e-01   -1.5322733920827e-01
 -8.9022812634734e-01   -8.9843229167294e-02
 -9.1490567757832e-01   -5.6202646459790e-02
 -9.0259087213053e-01   -2.3460558618328e-02
 -9.1706308028255e-01    7.6762478350763e-03
 -8.9851525910238e-01    4.0100013779333e-02
 -9.1219391069269e-01    7.2576884915409e-02
 -9.1038427018201e-01    1.3261681737732e-01
 -9.0095490917757e-01    1.6275209721821e-01
 -8.7694852437380e-01    1.8202927373141e-01
 -9.2139462326221e-01    2.2492733656141e-01
 -9.0040484255024e-01    2.5088925553611e-01
 -9.0677048596485e-01    2.8334886993439e-01
 -8.8865178925258e-01    3.1228576475544e-01
 -8.7525267359460e-01    3.7060637008313e-01
 -9.0256139010228e-01    3.7475650928207e-01
 -8.8635092352205e-01    4.0327393482538e-01
 -9.0298583572711e-01    4.2967031468660e-01
 -8.8879633967175e-01    4.5830237491383e-01
 -8.5397315848168e-01   -5.2031706241647e-01
 -8.6919520547902e-01   -4.9446910390969e-01
 -8.5155889029473e-01   -4.6864990064719e-01
 -8.6719733762582e-01   -4.4096153276619e-01
 -8.5083890478376e-01   -4.1033089708070e-01
 -8.7203716190143e-01   -3.8063787630995e-01
 -8.4270237509697e-01   -3.7705492511138e-01
 -8.6912439598716e-01   -3.4880237559759e-01
 -8.6371798068736e-01   -3.1503980140122e-01
 -8.9291482674897e-01   -2.8821667107331e-01
 -8.5600443535273e-01   -2.4422008509391e-01
 -8.5147277668614e-01   -2.0788877304894e-01
 -8.7067780033556e-01   -1.2186420088053e-01
 -8.5438553615167e-01   -8.7434175171182e-02
 -8.8209016959100e-01   -5.6058019345795e-02
 -8.6511011767363e-01   -2.2757368924104e-02
 -8.8122888219098e-01    8.9271528953188e-03
 -8.5948441001326e-01    3.9705185955516e-02
 -8.7687457109566e-01    7.1602974243122e-02
 -8.9363989356580e-01    1.0481949124886e-01
 -8.7390279248322e-01    1.4080381558641e-01
 -8.8780301750844e-01    2.1664718276621e-01
 -8.6534309325558e-01    2.4359255394685e-01
 -8.7537522359379e-01    2.7799454805131e-01
 -8.5459532394628e-01    3.0642466935402e-01
 -8.6941591365623e-01    3.3966908602216e-01
 -8.5607558447775e-01    4.0072136563123e-01
 -8.3957506123985e-01    4.3062961694852e-01
 -8.7164202548227e-01    4.3200395872941e-01
 -8.5631485991167e-01    4.6073821086689e-01
 -8.7390117474694e-01    4.8610362652521e-01
 -8.5842694731099e-01    5.1293583995950e-01
 -8.2081321915697e-01   -5.7119668948424e-01
 -8.3733317054796e-01   -5.4669293135297e-01
 -8.2295233820705e-01   -5.2129586771617e-01
 -8.3537902990284e-01   -4.9509506816569e-01
 -8.1658018104320e-01   -4.7177493663869e-01
 -8.3511768487836e-01   -4.4052160171280e-01
 -8.3528213151247e-01   -3.4253102667498e-01
 -8.3234188394020e-01   -3.0771195114690e-01
 -8.6199888660434e-01   -2.8066567507618e-01
 -8.2964412169447e-01   -2.6887484894793e-01
 -8.6527673156008e-01   -1.7936263767599e-01
 -8.4817753216932e-01   -1.5036379180394e-01
 -8.3160282261623e-01   -1.1354497895383e-01
 -8.4624863256248e-01   -5.4847540057855e-02
 -8.2312857107736e-01   -2.9444946748509e-02
 -8.3796312870844e-01    7.3248894151559e-02
 -8.5834133881590e-01    1.0511214028513e-01
 -8.3769623437345e-01    1.3619193153052e-01
 -8.4347751999739e-01    1.6929715565853e-01
 -8.5204620763189e-01    2.0770282102622e-01
 -8.2857109362399e-01    2.3394117300191e-01
 -8.4066096060302e-01    2.7095023486718e-01
 -8.1845697989767e-01    3.0108757612484e-01
 -8.3358640973884e-01    3.3565473548762e-01
 -8.4352934314408e-01    3.6822133741322e-01
 -8.2278143190948e-01    3.9863823580893e-01
 -8.2329522664409e-01    4.6018264249359e-01
 -8.4062568085962e-01    4.8992420078090e-01
 -8.2297130794376e-01    5.2019734645863e-01
 -8.4327438166082e-01    5.3748331829661e-01
 -8.2826807488246e-01    5.6033204016106e-01
 -7.8747885365357e-01   -6.1634166948069e-01
 -8.0385826465246e-01   -5.9482089027735e-01
 -7.8666591858946e-01   -5.7010169746273e-01
 -8.0447066724070e-01   -5.4383582842064e-01
 -7.9863795232355e-01   -5.0549216953348e-01
 -7.8435075612974e-01   -4.7370979989539e-01
 -8.0362154878461e-01   -4.3926799361616e-01
 -8.1820423062265e-01   -4.0701512297225e-01
 -8.1135750536099e-01   -3.7229393480300e-01
 -7.9934584219143e-01   -3.3397512473502e-01
 -8.0197022040132e-01   -2.9504414293490e-01
 -7.9834562365177e-01   -2.5231434164714e-01
 -8.2366700454859e-01   -2.2694899340728e-01
 -8.2279233754877e-01   -1.8418548934819e-01
 -8.1061282984295e-01   -1.4750616803465e-01
 -8.1304600125138e-01   -7.3107304447865e-02
 -7.8543228249090e-01   -3.8773905588475e-02
 -8.0005272513316e-01    1.9331580199185e-03
 -8.4119187236360e-01    5.9666681336220e-03
 -7.7698403338396e-01    3.4733782039919e-02
 -8.1915984985927e-01    3.8461565991818e-02
 -7.9718936213753e-01    7.2458632902115e-02
 -8.1690590196806e-01    1.0784854213319e-01
 -8.1596168436283e-01    1.9282923209161e-01
 -8.0397944157139e-01    2.6430177397284e-01
 -7.9646741555168e-01    3.3255060669445e-01
 -8.0844464180908e-01    3.6591378781869e-01
 -7.8594295433712e-01    3.9663914166245e-01
 -8.0515767105264e-01    4.2873353374482e-01
 -7.8827604214711e-01    4.5830449660227e-01
 -8.0856456525362e-01    4.9008701695467e-01
 -8.0299369059752e-01    5.5061779853934e-01
 -8.1123887701878e-01    5.8471487478526e-01
 -7.9229848794156e-01    6.1013367854689e-01
 -7.7090315158980e-01   -6.3695237685043e-01
 -7.6691632898449e-01   -5.9825363073136e-01
 -7.5565118981509e-01   -5.6664131884686e-01
 -7.7616826469821e-01   -5.3513792086858e-01
 -7.6397169912149e-01   -5.0191567327556e-01
 -7.4787218256428e-01   -4.6546058847040e-01
 -7.7225183599353e-01   -4.4068883275503e-01
 -7.8066696080496e-01   -3.6900841700216e-01
 -7.5736827951693e-01   -3.4418339894175e-01
 -7.6629110941521e-01   -3.1031571027539e-01
 -7.7084398191402e-01   -2.7439323571101e-01
 -7.9060875303938e-01   -2.1174132172119e-01
 -7.4697733476419e-01   -1.9880105935858e-01
 -7.8061707053803e-01   -1.7712346872175e-01
 -7.7027343160767e-01   -1.4305465013081e-01
 -7.9445759430105e-01   -1.0869259466430e-01
 -7.6998985135995e-01   -7.4986966815136e-02
 -7.7921036286897e-01    1.1094347199412e-01
 -7.6058511747493e-01    1.4589997112109e-01
 -8.0252954013364e-01    1.5082549964380e-01
 -7.7830779066298e-01    1.8527792418824e-01
 -7.9235231441653e-01    2.2526096568275e-01
 -7.8046709609170e-01    2.9644001984181e-01
 -7.7003875546537e-01    3.6490289903144e-01
 -7.4398283280625e-01    3.9630135378049e-01
 -7.6761037226120e-01    4.2622700220021e-01
 -7.5061161981629e-01    4.5576568223310e-01
 -7.7556364166445e-01    4.8844599022003e-01
 -7.5736908332741e-01    5.1880153994767e-01
 -7.9113599030274e-01    5.2040379598962e-01
 -7.7086842530582e-01    5.4968026823931e-01
 -7.8230958310494e-01    5.7973540907035e-01
 -7.6101531284975e-01    6.0703310270290e-01
 -7.7248759771766e-01    6.3502985067340e-01
 -7.3228669403613e-01   -6.8099647189271e-01
 -7.5227805163146e-01   -6.5884575764364e-01
 -7.4483109264276e-01   -6.2489437411111e-01
 -7.4334980054472e-01   -5.3519168476001e-01
 -7.3048205274224e-01   -5.0300803734623e-01
 -7.1448829333729e-01   -4.7197821284325e-01
 -7.4538633886380e-01   -4.2157012525399e-01
 -7.8301995314801e-01   -4.0505941534341e-01
 -7.2721703553682e-01   -3.1295956987241e-01
 -7.3543652073882e-01   -2.7396770143179e-01
 -7.5985444201748e-01   -2.3655036330086e-01
 -7.3358619432349e-01   -1.6004797894380e-01
 -7.5163536494133e-01   -1.1192830372099e-01
 -7.5845082952207e-01   -5.3510090100219e-03
 -7.3378339609936e-01    2.8695563422387e-02
 -7.5613979576101e-01    7.0158940258263e-02
 -7.3693561148091e-01    1.0568002497316e-01
 -7.3738443519780e-01    1.8126809917947e-01
 -7.5338281212172e-01    2.2146659594197e-01
 -7.2262198900683e-01    2.5857261345523e-01
 -7.6545284832223e-01    2.5867788873634e-01
 -7.4030335141377e-01    2.9202992165458e-01
 -7.5863450790295e-01    3.3001322176330e-01
 -6.9873644346173e-01    3.9036147902005e-01
 -7.2576970622902e-01    4.2758379682889e-01
 -7.4178801679629e-01    4.8660486888040e-01
 -7.3551221600891e-01    5.4424869848406e-01
 -7.1476418829549e-01    5.7196303973203e-01
 -7.4943317738648e-01    5.7638580047650e-01
 -7.2845077434848e-01    6.0387338004472e-01
 -7.3910050004529e-01    6.3442750038846e-01
 -7.5246178842348e-01    6.5863590718134e-01
 -7.3397747578968e-01    6.7917381100769e-01
 -6.8901610111426e-01   -7.2474603435386e-01
 -7.1157132077752e-01   -7.0261387347106e-01
 -7.0169769290628e-01   -6.7224993689159e-01
 -7.2306118313464e-01   -6.4965643470959e-01
 -7.1007961638897e-01   -6.2166828655366e-01
 -7.3358263074322e-01   -5.9516408897217e-01
 -7.2059439789211e-01   -5.6457037762343e-01
 -7.0672017827683e-01   -5.3331374801401e-01
 -6.7883910422291e-01   -4.6408873542988e-01
 -7.1455446284909e-01   -4.3675541268637e-01
 -7.1030749526331e-01   -3.9599602084351e-01
 -7.4718266087302e-01   -3.8479177136783e-01
 -7.2032760863620e-01   -3.5343685160652e-01
 -7.1935450380535e-01   -2.3372155068953e-01
 -7.0355196028190e-01   -1.9259550429819e-01
 -7.1405194169018e-01   -1.2423657212994e-01
 -7.2390578418491e-01   -8.0310057962571e-02
 -7.4019695121548e-01   -4.3168969992637e-02
 -7.1166710945465e-01   -1.2210546983073e-02
 -7.1648091723347e-01    1.4153375389502e-01
 -7.1409354238259e-01    2.1858213250164e-01
 -6.9324016990020e-01    2.9692584728593e-01
 -7.2037235336896e-01    3.2468389675850e-01
 -7.2964484141254e-01    3.6283303000721e-01
 -6.9029295045111e-01    4.3083428664451e-01
 -7.1060361326954e-01    4.6735814881464e-01
 -6.8597001019324e-01    5.0225163775068e-01
 -7.2014745052522e-01    5.0973331489099e-01
 -6.9929564390605e-01    5.3864290840436e-01
 -6.9398450838963e-01    5.9930644244928e-01
 -7.0744695025578e-01    6.3165228521471e-01
 -7.1480953330921e-01    6.9931919131042e-01
 -6.6711539779343e-01   -7.4495439273289e-01
 -6.8364132993865e-01   -6.9519019914059e-01
 -6.6339501197300e-01   -6.7523929846597e-01
 -6.8638337419098e-01   -6.4762035470843e-01
 -6.7338077291855e-01   -6.1738825910793e-01
 -6.9708888918918e-01   -5.9144732743399e-01
 -6.8177836097457e-01   -5.6106678916711e-01
 -6.6636875611324e-01   -5.2875631124507e-01
 -6.9114310653239e-01   -5.0143614283203e-01
 -6.7693764568657e-01   -4.2787773911922e-01
 -6.7088020403454e-01   -3.9262485279477e-01
 -6.8437903244723e-01   -3.5706780886245e-01
 -6.8878375780744e-01   -3.1512186908898e-01
 -6.9721140629312e-01   -2.7510783620812e-01
 -6.7846016873411e-01   -2.3660381581819e-01
 -6.6179252090691e-01   -1.9656250667591e-01
 -6.9060093681527e-01   -5.3200982654421e-02
 -6.8739517089578e-01    2.3231696366146e-02
 -7.1206098598867e-01    6.4883482500088e-02
 -6.9143024004908e-01    1.0283087925247e-01
 -6.9396766752291e-01    1.7785433247941e-01
 -6.8114492820360e-01    2.5456021328404e-01
 -6.8968371034912e-01    3.4701234868145e-01
 -6.5515196275825e-01    3.6607372350456e-01
 -6.5087288634787e-01    4.3919903435720e-01
 -6.7142538632930e-01    4.6894574948685e-01
 -6.6079742080919e-01    5.3292453483501e-01
 -6.7776117986080e-01    5.6627875805577e-01
 -6.5714949991910e-01    5.9344556959849e-01
 -6.8295927807495e-01    6.5827556555199e-01
 -7.1508128587328e-01    6.6217234994630e-01
 -6.8919745014922e-01    6.8806809981207e-01
 -6.9288585361304e-01    7.2104729006217e-01
 -6.6967642212051e-01    7.4265300826067e-01
 -6.2077706923810e-01   -7.8398713637955e-01
 -6.4435476906201e-01   -7.6472670364665e-01
 -6.3769727568155e-01   -7.3225652970575e-01
 -6.5988614172690e-01   -7.1214279749581e-01
 -6.2920461852260e-01   -6.6870734236528e-01
 -6.5086550272200e-01   -6.4379533680246e-01
 -6.3269298172909e-01   -6.1627155676167e-01
 -6.5696943998524e-01   -5.8829427158140e-01
 -5.9871744885930e-01   -5.5169475785724e-01
 -6.4052402662610e-01   -5.5652529577132e-01
 -6.2634573038096e-01   -5.2071547584816e-01
 -6.5179539928879e-01   -4.9165056535518e-01
 -6.1168500260593e-01   -4.8006606848608e-01
 -6.3963285290652e-01   -4.5130948232810e-01
 -6.3366475233925e-01   -4.1291453013117e-01
 -6.3930073788091e-01   -3.6772304899920e-01
 -6.1959427027841e-01   -3.0620132224200e-01
 -6.5482585346226e-01   -2.7925981827168e-01
 -6.3443104689387e-01   -2.3660078867272e-01
 -6.8385841393831e-01   -1.5050817403405e-01
 -6.8051136286679e-01   -9.7989350421271e-02
 -6.4227648439890e-01   -6.5720834726904e-02
 -6.3956822876530e-01    2.0784477482674e-02
 -6.6539474486082e-01    6.2315588406229e-02
 -6.4370938848478e-01    1.0197271708174e-01
 -6.6880959987466e-01    1.4133425617817e-01
 -6.4627708013451e-01    1.8253624163925e-01
 -6.7269272482564e-01    2.1585106324080e-01
 -6.4982126123573e-01    2.7896568669075e-01
 -6.5474435290226e-01    3.2162873011485e-01
 -6.4451144558595e-01    4.9789336730263e-01
 -6.7420686848391e-01    6.2689450354038e-01
 -6.5601885039117e-01    6.8255298775838e-01
 -6.6422107528603e-01    7.1176904002563e-01
 -6.4605963764563e-01    7.6328693403022e-01
 -5.9386198232139e-01   -7.7347258858508e-01
 -6.1569339895487e-01   -7.5113311545512e-01
 -6.0793501416688e-01   -7.1475318408804e-01
 -6.3280688870181e-01   -6.9725847088446e-01
 -6.0905938566177e-01   -6.4413863866745e-01
 -5.9071658843594e-01   -6.1387779723927e-01
 -6.1546626958827e-01   -5.8536845188056e-01
 -5.8683742713219e-01   -5.1447628562723e-01
 -5.7056014990813e-01   -4.7402699632692e-01
 -5.9607483422644e-01   -4.3744783315181e-01
 -5.9984382769105e-01   -3.8844954591673e-01
 -6.5099339627389e-01   -3.2850890395132e-01
 -6.0404304508303e-01   -2.6868100365128e-01
 -6.1403433474013e-01   -1.9424742845791e-01
 -6.4204503828258e-01   -1.5748912071857e-01
 -6.4316827027517e-01   -1.1504145689276e-01
 -6.6296661360372e-01   -1.9659318016646e-02
 -6.1593915652144e-01    6.0156347419503e-02
 -5.9663843872546e-01    1.0592596974687e-01
 -6.2082691268202e-01    1.4564979799222e-01
 -6.0193384214919e-01    1.9346811699011e-01
 -6.3343671519518e-01    2.3113945090356e-01
 -6.0826675420169e-01    2.6518480459051e-01
 -6.0976234389667e-01    3.0654625532939e-01
 -6.1406295848388e-01    3.4720742007506e-01
 -6.5633495241695e-01    4.0284078931330e-01
 -6.2338649567720e-01    4.6665110590752e-01
 -6.1957850425010e-01    5.2693100648247e-01
 -6.3703213483850e-01    5.6349026189394e-01
 -6.1547338187375e-01    5.9650570540260e-01
 -6.3983813899624e-01    6.2123829375031e-01
 -6.1177484024148e-01    6.3857772225313e-01
 -6.4837547376717e-01    6.5295268168112e-01
 -6.2958460403793e-01    7.0318758823814e-01
 -6.3969186865382e-01    7.3262034081606e-01
 -6.1630415632340e-01    7.5353716508121e-01
 -6.2157765933439e-01    7.8335254635108e-01
 -5.6813807692610e-01   -8.2293324354044e-01
 -5.9487987015789e-01   -8.0381461687991e-01
 -5.6595163544792e-01   -7.6376728622069e-01
 -5.8682894179912e-01   -7.3907482792272e-01
 -5.7327352948791e-01   -7.0769064021537e-01
 -5.9530002002503e-01   -6.7958305043069e-01
 -5.7078840946604e-01   -6.4600700561208e-01
 -5.4826989963054e-01   -6.1165229717316e-01
 -5.7222116101606e-01   -5.8152823971884e-01
 -5.5509142983687e-01   -5.4680486124748e-01
 -5.4627590336424e-01   -5.1007515511426e-01
 -5.6546556513067e-01   -4.0380493332135e-01
 -6.0177515451872e-01   -3.4627601162478e-01
 -5.7411264208619e-01   -3.1059059437062e-01
 -5.8372386148965e-01   -2.2756017397475e-01
 -5.6591292876176e-01   -1.8070630534173e-01
 -5.9841478832929e-01   -1.4639020882293e-01
 -5.5179537410240e-01   -1.3018427587570e-01
 -5.9962301271653e-01   -1.0140407007695e-01
 -5.9304623325856e-01   -5.7963826840135e-02
 -6.1472919244473e-01   -2.1237303289307e-02
 -5.6775096844383e-01    6.4639777104541e-02
 -5.5006322651708e-01    1.1329720522465e-01
 -5.7379695908614e-01    1.5487743980344e-01
 -5.4847940926642e-01    1.9850802953228e-01
 -5.7953796371433e-01    2.3262712560034e-01
 -5.6415245302103e-01    2.7914567844404e-01
 -5.6777000307773e-01    3.2476646498447e-01
 -6.1272374871996e-01    3.8843070605855e-01
 -6.1228881055466e-01    4.2666242250446e-01
 -5.9708088536246e-01    4.9373624318346e-01
 -5.7393016876422e-01    5.2428955623527e-01
 -5.9788743172340e-01    5.5785666264340e-01
 -5.7894947970773e-01    5.8895336859717e-01
 -5.8166985132397e-01    6.2316313477010e-01
 -5.8129099712156e-01    6.6141337156672e-01
 -6.1910121329024e-01    6.7209123447279e-01
 -5.9301657552191e-01    6.9520115755475e-01
 -6.0450708903587e-01    7.2575123749892e-01
 -5.8186953479125e-01    7.5318467111207e-01
 -5.9403606543666e-01    7.7720592751219e-01
 -5.9459779728551e-01    8.0402329541712e-01
 -5.3804632294950e-01   -8.0735282322265e-01
 -5.6653788109766e-01   -7.9420511938779e-01
 -5.3782966549028e-01   -7.7516098498808e-01
 -5.5148910071424e-01   -7.3727693389918e-01
 -5.5601578769726e-01   -6.7656298510964e-01
 -5.2871005085634e-01   -6.4418165969006e-01
 -5.2721130039819e-01   -5.7437580660221e-01
 -5.0922657487422e-01   -5.3049033443106e-01
 -5.4643626889736e-01   -4.4150640731562e-01
 -5.2373575256529e-01   -3.9757229412955e-01
 -5.5630119543765e-01   -3.5761010338494e-01
 -5.3016387404709e-01   -3.1274940937977e-01
 -5.3569468890057e-01   -2.1988408320758e-01
 -5.1818748913343e-01   -1.6880175668057e-01
 -5.5047546580556e-01   -8.3472752324742e-02
 -5.5595545866186e-01   -2.8089400382539e-02
 -5.3989932701388e-01    2.3556534650950e-02
 -5.8795963258404e-01    1.6033748753092e-02
 -5.0120744501371e-01    1.1586275919669e-01
 -5.2183471551160e-01    1.6013731406334e-01
 -5.7081049697875e-01    3.6831604859889e-01
 -5.3165902767077e-01    3.9345938171929e-01
 -5.6960536588372e-01    4.1428841538244e-01
 -5.2993025021038e-01    4.4477540318125e-01
 -5.7775750823233e-01    4.5529527584843e-01
 -5.5082001178057e-01    4.8682539941977e-01
 -5.2873454660793e-01    5.2497542523014e-01
 -5.5342490407083e-01    5.5786918859494e-01
 -5.4243009473951e-01    5.9670910032549e-01
 -5.4735383920143e-01    6.3165625215147e-01
 -5.5772529352482e-01    6.9627415986478e-01
 -5.6942532195700e-01    7.2550191297825e-01
 -5.4959936012191e-01    7.5630206857433e-01
 -5.6523393297154e-01    7.8687644862231e-01
 -5.4361626522029e-01    8.1042768841165e-01
 -5.7076238498914e-01    8.2111527810002e-01
 -5.4311173991483e-01   -8.3966043105206e-01
 -4.8767311947874e-01   -7.5452997428540e-01
 -5.2070285684446e-01   -7.4871040067830e-01
 -5.0365119405048e-01   -7.1870482005260e-01
 -5.3616986694574e-01   -7.0907179693247e-01
 -5.1798067470952e-01   -6.7765037814714e-01
 -5.0507597323220e-01   -6.1046892572662e-01
 -4.8565887072672e-01   -5.6984983013484e-01
 -5.2214296213455e-01   -4.8091413721913e-01
 -5.0703723831749e-01   -3.5436270140231e-01
 -5.5571894330037e-01   -2.6733099507083e-01
 -5.0970382243739e-01   -6.4962086646971e-02
 -4.6679215587486e-01   -4.1480256290533e-02
 -5.0664732895413e-01   -1.0981235810763e-02
 -5.1664906517347e-01    7.1680620839224e-02
 -5.2905163375694e-01    2.4372824979773e-01
 -5.2196812261072e-01    2.9811895026793e-01
 -5.2428590362389e-01    3.4458392894461e-01
 -5.0623383774266e-01    4.8758161510920e-01
 -5.1160802608074e-01    5.6753066796353e-01
 -5.0606793752451e-01    6.0997618066207e-01
 -5.1309266116987e-01    6.4990231963391e-01
 -5.4640481869062e-01    6.6652392163130e-01
 -5.1809283363253e-01    6.9137945536794e-01
 -5.3263620193640e-01    7.2464703776788e-01
 -5.1401025974407e-01    7.5403163460886e-01
 -5.3094229955244e-01    7.8406838144810e-01
 -5.1446992163979e-01    8.1921797315690e-01
 -5.4365819149867e-01    8.3930672126823e-01
 -5.1921183871500e-01    8.5464557961223e-01
 -4.9153631318953e-01   -8.7085708051259e-01
 -5.1726007759295e-01   -8.5582826032242e-01
 -5.1449964800023e-01   -8.2404354356088e-01
 -5.0799027591800e-01   -7.8620962180347e-01
 -4.6719957127989e-01   -7.2112778095304e-01
 -4.8571803011377e-01   -6.8650332975903e-01
 -4.8166371391705e-01   -4.8802511851695e-01
 -4.5665617728228e-01   -4.4390924221687e-01
 -5.0111830033320e-01   -4.4090920928456e-01
 -4.8236907761580e-01   -3.0823384474275e-01
 -5.0907794244828e-01   -2.6515982424426e-01
 -5.0079131561560e-01   -1.1662492230610e-01
 -4.8597203307342e-01    3.8504929173077e-02
 -4.9426947918816e-01    2.0372845261785e-01
 -4.7506632042885e-01    3.1665367492393e-01
 -4.8700248132965e-01    3.6955835590789e-01
 -4.9279410626680e-01    4.1495706907011e-01
 -4.7703543246501e-01    4.5345989858671e-01
 -4.8658508980315e-01    5.3465021600082e-01
 -4.7153867932323e-01    5.8356776223259e-01
 -4.7601820544827e-01    6.3454339910551e-01
 -4.8440166251870e-01    6.7478618915665e-01
 -4.9379649740610e-01    7.1928478161426e-01
 -4.8178546781014e-01    7.5492861471583e-01
 -5.0073331210964e-01    7.8988405966726e-01
 -4.7569031247949e-01    8.1829395990292e-01
 -4.9441464178307e-01    8.4076045981944e-01
 -4.9114269143027e-01    8.7107913321228e-01
 -4.6583235341986e-01   -8.8487299643219e-01
 -4.8615458903719e-01   -8.4122536410001e-01
 -4.8672184443169e-01   -8.1082115889487e-01
 -4.8484769157065e-01   -6.4732983327197e-01
 -4.6263329248557e-01   -6.0815405776239e-01
 -4.6446196681803e-01   -5.2912136835707e-01
 -4.3190082875606e-01   -3.9842721088412e-01
 -4.7830192380417e-01   -3.9789451204381e-01
 -4.5816570797651e-01   -3.5262430522716e-01
 -4.5940651599604e-01   -2.5988091312808e-01
 -4.8849973798070e-01   -2.1648570148028e-01
 -4.3644725286420e-01   -2.0999938418992e-01
 -4.7038608391049e-01   -1.6861851593670e-01
 -4.5125157420645e-01   -8.3601867597783e-02
 -4.4869295670779e-01    6.2406936078150e-04
 -4.3710252870679e-01    5.1597313259019e-02
 -4.5901126914055e-01    9.4071593268962e-02
 -4.6868392448760e-01    1.5216706894391e-01
 -4.3675281551006e-01    1.8411641007134e-01
 -4.8703142571327e-01    2.6428018656520e-01
 -4.6132926226161e-01    4.9795684917909e-01
 -4.4553941652847e-01    5.4537452364037e-01
 -4.2475888362750e-01    5.8669304927116e-01
 -4.4488520618918e-01    6.1920366030829e-01
 -4.4172720040414e-01    6.6325619358028e-01
 -4.6113273711502e-01    6.9873129280762e-01
 -4.5399686200952e-01    7.3227599384838e-01
 -4.4132538694136e-01    8.0214066672534e-01
 -4.6624305718610e-01    8.5341926729865e-01
 -4.6350703517086e-01    8.8609323937364e-01
 -4.4196596481871e-01   -8.9703182061749e-01
 -4.2989393626532e-01   -8.7381219020426e-01
 -4.6041047743422e-01   -8.5639208255617e-01
 -4.5517572833115e-01   -8.1956789230402e-01
 -4.7031619377620e-01   -7.8433299063528e-01
 -4.5016165049728e-01   -7.5357685899476e-01
 -4.4169267014582e-01   -6.4350266716775e-01
 -4.4103899400304e-01   -5.6897672981444e-01
 -4.3584037751110e-01   -4.8665160298446e-01
 -4.0885166029097e-01   -4.4288245857919e-01
 -4.3314986602918e-01   -3.0555395240072e-01
 -4.0858255117626e-01   -2.5577832439995e-01
 -3.8231157780639e-01   -2.0519660045732e-01
 -4.4811868140600e-01   -1.2793562990358e-01
 -4.1077192251585e-01   -4.2615202651530e-02
 -3.9778884921027e-01    7.9174491292871e-02
 -4.1659464313822e-01    1.2905104244556e-01
 -4.5395975273168e-01    2.2937716038079e-01
 -4.3602372745076e-01    2.7577649559410e-01
 -4.4564046766104e-01    3.5955977410762e-01
 -4.4534191906226e-01    4.0912022905869e-01
 -4.0006451290686e-01    5.5239192976377e-01
 -4.0799967353187e-01    6.3496636383757e-01
 -4.2345150760814e-01    7.0322148307706e-01
 -4.7023699557208e-01    7.8643051281622e-01
 -4.4303405031613e-01    8.3403838679057e-01
 -4.1262427013487e-01    8.4915738520662e-01
 -4.3832276188857e-01    8.6858840933485e-01
 -4.3485692313118e-01    9.0049955923894e-01
 -3.9155370038138e-01   -9.2015525773474e-01
 -4.1755507515907e-01   -9.0865161642598e-01
 -4.3403792973563e-01   -8.4297725886548e-01
 -4.1538936036499e-01   -8.1784542289983e-01
 -4.3635957285409e-01   -7.8862254750802e-01
 -4.1463860819342e-01   -7.5401090995878e-01
 -4.3025529733258e-01   -7.1737031337979e-01
 -4.5203856086395e-01   -6.8134993488384e-01
 -4.1354767313401e-01   -6.7977948569684e-01
 -4.1883515426994e-01   -5.2806268519429e-01
 -3.8332228520172e-01   -3.0334631620537e-01
 -3.5658649100827e-01   -2.5206706228230e-01
 -4.1161837576277e-01   -1.6143638081177e-01
 -3.9626970432215e-01   -1.0494977293957e-01
 -3.6519610686516e-01   -6.4422080648811e-02
 -3.9789036925148e-01    1.5982965975424e-02
 -3.5337344755231e-01    4.9465184279924e-02
 -3.5766553537106e-01    1.1355960793612e-01
 -3.8645972605231e-01    1.7282986685445e-01
 -4.0192674980891e-01    2.2738525539078e-01
 -4.0108945370563e-01    3.7233741581914e-01
 -3.8371004537441e-01    6.0220673758444e-01
 -3.9848408615332e-01    6.7445884034140e-01
 -4.1492265077373e-01    7.4052119051804e-01
 -4.4333826719412e-01    7.6550322758734e-01
 -4.1059423513850e-01    8.1584900407452e-01
 -3.8339338329073e-01    8.6477428440622e-01
 -4.0977247397064e-01    8.8306233169657e-01
 -4.0526661936543e-01    9.1419853815383e-01
 -3.6423831356897e-01   -9.3130577736977e-01
 -3.9940792968996e-01   -8.8540696059753e-01
 -3.7330975307949e-01   -8.6268345918807e-01
 -4.0277734299922e-01   -8.5162374861671e-01
 -3.7914466386354e-01   -8.2471745435351e-01
 -4.0040602227121e-01   -7.8763340074882e-01
 -3.9156154255228e-01   -7.1894148091528e-01
 -4.1594915589802e-01   -6.0544679382647e-01
 -3.9350378124259e-01   -5.6726397102880e-01
 -3.8738023290211e-01   -4.8501275931790e-01
 -3.8241334695823e-01   -4.0044060127060e-01
 -4.0882800812656e-01   -3.5263788891960e-01
 -3.2964962865509e-01   -1.9754869005023e-01
 -3.5943234708239e-01   -1.4980891837850e-01
 -3.5621798880624e-01   -1.1666378769667e-02
 -3.4977803404882e-01    2.2411911062620e-01
 -3.8199203491363e-01    2.7495817532395e-01
 -4.1930966289845e-01    3.1930503312059e-01
 -4.2997974951910e-01    4.5782083610339e-01
 -3.8128673268712e-01    4.6962343505490e-01
 -4.1809301717062e-01    5.0576161030310e-01
 -3.7350810951436e-01    5.1588409074502e-01
 -3.6389748604316e-01    6.4565211760627e-01
 -3.8323969598095e-01    7.1593052609908e-01
 -3.7935399961457e-01    7.5605547985408e-01
 -4.1070791670641e-01    7.7920618768609e-01
 -3.7913271589132e-01    7.9581777176178e-01
 -3.8009511851364e-01    8.3204049860845e-01
 -3.5491405700927e-01    8.8056164360317e-01
 -3.8073254885009e-01    8.9814035311627e-01
 -3.7413720212843e-01    9.2737336216527e-01
 -3.4170996638463e-01   -9.1014064054155e-01
 -3.7049893736594e-01   -8.9750019280155e-01
 -3.7640634930100e-01   -7.5236863438284e-01
 -3.7454403667378e-01   -6.8523780707550e-01
 -3.9851995817569e-01   -6.4142822335810e-01
 -3.6584106909269e-01   -6.0120655266437e-01
 -3.4534956966626e-01   -5.5389410514151e-01
 -3.7289587649833e-01   -5.2426696057101e-01
 -3.5715778566760e-01   -4.4848755590066e-01
 -3.5971457988125e-01   -3.5228123547727e-01
 -3.3296336745207e-01   -3.0174864832675e-01
 -3.0526888914341e-01   -2.4951151846633e-01
 -3.3060775866445e-01   -1.0344107741739e-01
 -3.0823163620390e-01    7.3856663749044e-02
 -3.0064330682049e-01    1.2750254461722e-01
 -3.4093133993332e-01    1.6663662016770e-01
 -3.7055740524950e-01    3.2811128999283e-01
 -3.5252824985502e-01    3.8216342762040e-01
 -3.9638769278799e-01    4.2018227714852e-01
 -3.4872017856014e-01    4.3245686117888e-01
 -3.3370440362822e-01    5.3190162497427e-01
 -3.5882145284007e-01    5.6828000531434e-01
 -3.5771571279449e-01    6.8607656898628e-01
 -3.4738138758701e-01    7.7650101254654e-01
 -3.4756482702378e-01    8.1532205615856e-01
 -3.4973626509559e-01    8.5044070019675e-01
 -3.2361335618360e-01    8.7955066416613e-01
 -3.4823337221646e-01    9.0882625211717e-01
 -3.1990969263344e-01    9.1623876365889e-01
 -3.4372518033102e-01    9.3907028541574e-01
 -3.3553532072117e-01   -9.4202762627201e-01
 -3.1244817698403e-01   -9.2231854628751e-01
 -3.4321282657078e-01   -8.7706963133553e-01
 -3.4619616538398e-01   -8.4179138708394e-01
 -3.4173393655481e-01   -8.0673460294361e-01
 -3.6893738014517e-01   -7.8983068058891e-01
 -3.4084369660152e-01   -7.6374246030487e-01
 -3.0910340427581e-01   -7.4281392756237e-01
 -3.4688177021975e-01   -7.2099258144879e-01
 -3.3434898961828e-01   -6.7916186769848e-01
 -3.6175190987587e-01   -6.4581803941659e-01
 -3.0084956560719e-01   -5.3611718755389e-01
 -3.3351412710546e-01   -4.0127503141525e-01
 -3.1031054371694e-01   -3.5138942417808e-01
 -2.7485506180850e-01   -2.0040908821885e-01
 -2.9952037310130e-01   -1.4647381567211e-01
 -3.1083822308780e-01   -4.9364430605429e-02
 -3.0715527933318e-01    1.0838907807647e-02
 -3.3163168427288e-01    2.8406834927030e-01
 -3.2216016685359e-01    3.3827076211120e-01
 -3.0251119086713e-01    3.9652676433322e-01
 -3.0363266921159e-01    4.4493538808300e-01
 -2.9155320119013e-01    5.2935854360224e-01
 -3.1187739774051e-01    5.7523440566637e-01
 -3.3775488428857e-01    6.1257809634920e-01
 -3.1728640467254e-01    6.5471043300867e-01
 -3.2434477415026e-01    6.9669432074793e-01
 -3.4551935170666e-01    7.3361049060644e-01
 -3.1411064840111e-01    7.6556989503504e-01
 -3.1816805894283e-01    8.4222024548605e-01
 -2.9009865169901e-01    8.6331779797744e-01
 -2.9515421136086e-01    8.9610963241781e-01
 -2.9148479704116e-01    9.3060616572194e-01
 -3.1417184019970e-01    9.4936613278549e-01
 -3.0558472451414e-01   -9.5216488945903e-01
 -2.8276389021590e-01   -9.3545375495761e-01
 -3.1268819642155e-01   -8.9180999899987e-01
 -3.1296848620067e-01   -8.5872132251855e-01
 -3.1143201482025e-01   -8.2500737383176e-01
 -3.0972250310115e-01   -7.8551481091430e-01
 -3.0234879382339e-01   -7.0524674446712e-01
 -2.9649002914672e-01   -6.6133276964383e-01
 -3.2640114528437e-01   -6.2943873297457e-01
 -2.8336615618876e-01   -6.1563419700417e-01
 -3.1715627235289e-01   -5.8505333840404e-01
 -3.3339307133490e-01   -4.9712439340750e-01
 -2.8039543874772e-01   -4.9088698992754e-01
 -3.0839306858238e-01   -4.4924675913350e-01
 -2.8353472072043e-01   -3.9982273983329e-01
 -2.4530282948806e-01   -1.5430586564380e-01
 -2.6932071139680e-01   -9.2102389007568e-02
 -2.6124616705434e-01    3.6125310039215e-02
 -2.9685349386810e-01    1.8820274021579e-01
 -2.9984455222250e-01    2.4216329412958e-01
 -2.7705691092764e-01    3.5195399772358e-01
 -3.3075266811821e-01    4.8525272324069e-01
 -2.9060159361733e-01    6.1630933975608e-01
 -2.8399520110643e-01    6.8866624012102e-01
 -3.0292652777073e-01    7.2876622147748e-01
 -3.1484487280498e-01    8.0398959435208e-01
 -2.8391094816331e-01    8.2788504658194e-01
 -2.6029218032087e-01    8.8123101080996e-01
 -2.6720845743747e-01    9.1103053617033e-01
 -2.8202006906948e-01    9.5940850511954e-01
 -2.7355377736379e-01   -9.6185670917209e-01
 -2.5338777539000e-01   -9.3551042543832e-01
 -2.8151161482820e-01   -9.0828886848493e-01
 -2.8113059470803e-01   -8.7734583518739e-01
 -2.7801035684145e-01   -8.4365425105959e-01
 -2.5378926879435e-01   -6.4891741178293e-01
 -2.6773516266352e-01   -5.7220969432549e-01
 -2.6021642402235e-01   -3.4878161359052e-01
 -2.8160132518867e-01   -2.9971964314824e-01
 -1.8551151052563e-01   -1.6256052123384e-01
 -2.6104540560126e-01   -3.1214692418073e-02
 -2.4923088243723e-01    1.4622842309921e-01
 -2.7632913967156e-01    2.9870540299196e-01
 -2.2891873986056e-01    3.3861323653258e-01
 -2.5629811243431e-01    4.3886086970318e-01
 -2.7670943252500e-01    4.8718349271185e-01
 -2.5965555681656e-01    7.2487326559715e-01
 -2.7464545873762e-01    7.5828194759927e-01
 -2.7868716454094e-01    7.9190526418149e-01
 -2.4646416462252e-01    8.0962843448632e-01
 -2.5405786123429e-01    8.4732966442003e-01
 -2.2672975630122e-01    8.7464569607192e-01
 -2.3517918538604e-01    9.0984638063068e-01
 -2.5824228876137e-01    9.3876539474118e-01
 -2.5032503536113e-01    9.6816185487135e-01
 -2.1162859396910e-01   -9.7735016112050e-01
 -2.4490681155645e-01   -9.6954662308181e-01
 -2.2487064878320e-01   -9.5139365773933e-01
 -2.5123646795345e-01   -9.0217962216015e-01
 -2.4835408164276e-01   -8.6657725416082e-01
 -2.4273472548497e-01   -8.2899678061893e-01
 -2.7846769351151e-01   -8.0798589856354e-01
 -2.4804673768977e-01   -7.8909812261116e-01
 -2.7601625982201e-01   -7.6541602054150e-01
 -2.6553659014411e-01   -7.2846106318912e-01
 -2.5953087866071e-01   -6.8799865814434e-01
 -2.3557166404006e-01   -6.1046558502377e-01
 -2.4775027472567e-01   -5.2864202480600e-01
 -2.2544331565199e-01   -4.8308873223498e-01
 -2.0072174652438e-01   -4.3404525123952e-01
 -2.5587343347657e-01   -4.4391365991792e-01
 -2.3061033988666e-01   -3.9522944056227e-01
 -2.2748448042897e-01   -2.9741043277071e-01
 -2.1778974670709e-01   -1.1002725255501e-01
 -2.1983810086308e-01    3.5452086743195e-03
 -2.5066789437191e-01    9.0309471549073e-02
 -2.4713670890501e-01    2.0061642942886e-01
 -2.4625785864003e-01    3.9353125358547e-01
 -2.2487872865822e-01    4.8188438045038e-01
 -2.4291498555995e-01    5.2901036757414e-01
 -2.6570429491415e-01    5.7300562215843e-01
 -2.4112501886750e-01    6.1269374584277e-01
 -2.6618786047685e-01    6.5176411023922e-01
 -2.3831146146861e-01    6.8820070169739e-01
 -2.3807317652287e-01    7.6896657009257e-01
 -2.0899040648957e-01    7.9998982579602e-01
 -2.1846037929072e-01    8.3796895985753e-01
 -1.9064563239192e-01    8.6294104665311e-01
 -1.9957824798092e-01    8.9636098578771e-01
 -2.0698843657114e-01    9.2550984845598e-01
 -2.2912167889639e-01    9.4586107186920e-01
 -2.1855912068593e-01    9.7582370860395e-01
 -1.8089835823927e-01   -9.8350179621891e-01
 -1.9445617446320e-01   -9.5155155732128e-01
 -1.6969023338421e-01   -9.3477853147676e-01
 -2.2239368614843e-01   -9.2388490578121e-01
 -2.1987746317746e-01   -8.9088844212642e-01
 -2.1406249867016e-01   -8.5762874648682e-01
 -2.3145478598589e-01   -7.5198851070603e-01
 -2.2407855915067e-01   -7.0669191472389e-01
 -1.8179894294890e-01   -6.9271394374218e-01
 -2.1368627865027e-01   -6.5924145822720e-01
 -2.1578328936337e-01   -5.6800228754201e-01
 -1.9439890840070e-01   -5.2481423227262e-01
 -1.7191423117883e-01   -4.8071665639615e-01
 -2.0895321422463e-01   -3.4542637636942e-01
 -2.0746860984396e-01   -5.7976792817907e-02
 -1.9685560038858e-01    1.7475720174989e-01
 -1.9671786869151e-01    2.3292824344471e-01
 -2.1562063814359e-01    2.8800264928830e-01
 -1.9519484009736e-01    3.8321463033560e-01
 -1.9053964758084e-01    6.1436939738925e-01
 -2.1620399982544e-01    6.5094460890215e-01
 -1.9310650389944e-01    6.8992555327169e-01
 -2.2039757327180e-01    7.2918476805076e-01
 -1.9584299131615e-01    7.6297598873836e-01
 -1.6706209269457e-01    7.9000609647090e-01
 -1.8034804035478e-01    8.2709528494772e-01
 -1.5392884896321e-01    8.5637638251700e-01
 -1.6513185538727e-01    8.9125125019027e-01
 -1.7455533873570e-01    9.2510761419288e-01
 -1.9631417299582e-01    9.5364402972258e-01
 -1.6664234941271e-01    9.6063199854969e-01
 -1.8633998870077e-01    9.8248532261330e-01
 -1.4719024468602e-01   -9.8910820007734e-01
 -1.6039700523087e-01   -9.6233349106291e-01
 -1.3838678522553e-01   -9.3401702597868e-01
 -1.9337849463562e-01   -9.1522828190380e-01
 -1.8511232688683e-01   -8.8165217353599e-01
 -2.0309507530803e-01   -8.2591460884967e-01
 -2.1513812666797e-01   -7.9557216789798e-01
 -1.9181937329030e-01   -7.7217765793811e-01
 -1.9157741258857e-01   -7.3475802955975e-01
 -1.5091832955782e-01   -7.2952948488271e-01
 -1.6727046748899e-01   -6.4977065457726e-01
 -1.9155677543405e-01   -6.1175176794281e-01
 -1.6386989000159e-01   -5.6510104012165e-01
 -1.3932508242050e-01   -5.2308554613808e-01
 -2.1507808839403e-01   -2.0811860461279e-01
 -1.6283134178092e-01   -1.0801538581033e-01
 -1.9986112272070e-01    5.7575719539151e-02
 -1.9641685193303e-01    1.1657288223948e-01
 -1.4495321583675e-01    1.5456363706242e-01
 -1.5678587024283e-01    2.7269549012245e-01
 -1.7538368486626e-01    3.2502438258090e-01
 -1.4882925783422e-01    3.6767607874929e-01
 -2.0280854558762e-01    4.3364458675749e-01
 -1.4893195502325e-01    4.2433227208557e-01
 -2.1591376192332e-01    5.7145492738644e-01
 -1.4283455576261e-01    6.1685209666702e-01
 -1.6588142286211e-01    6.5799116956063e-01
 -1.7790369341293e-01    7.2502134161771e-01
 -1.5092768084251e-01    7.5074105684180e-01
 -1.4083665952245e-01    8.2031543680657e-01
 -1.3843030008520e-01    9.1330528416609e-01
 -1.4646619634540e-01    9.4130104174530e-01
 -1.3187751211532e-01    9.6818597720958e-01
 -1.5321972008917e-01    9.8819214545831e-01
 -1.1337122174191e-01   -9.9355269899105e-01
 -1.2825721565877e-01   -9.6668748980710e-01
 -1.5812763674448e-01   -9.0467587737761e-01
 -1.4713860869191e-01   -8.7350185737415e-01
 -1.7453188914483e-01   -8.4804666564834e-01
 -1.3933465734697e-01   -8.3640087031251e-01
 -1.6933968064469e-01   -8.0757365153380e-01
 -1.5431626579306e-01   -7.6845539533878e-01
 -1.3746696303048e-01   -6.8834270710605e-01
 -1.2156333754969e-01   -6.4613452064654e-01
 -1.4450378532034e-01   -6.0376490887399e-01
 -1.5065339240058e-01   -4.3245898393529e-01
 -1.7454504174203e-01   -3.7863135675526e-01
 -1.8646611107038e-01   -2.5955264335516e-01
 -1.5404232323479e-01   -2.1651722198800e-01
 -1.2910753245626e-01   -1.6277426173468e-01
 -1.0521887007022e-01   -1.0864456389922e-01
 -1.4243096447219e-01   -5.5954021462647e-02
 -1.7079653523881e-01   -7.4831873243079e-03
 -1.4307620374886e-01    9.5386672899173e-02
 -1.4717113045954e-01    2.1181434294633e-01
 -9.6243709636124e-02    4.3445077097821e-01
 -1.7216341593541e-01    4.7646317225342e-01
 -1.2270943979036e-01    4.7839744624308e-01
 -1.9358242722901e-01    5.2497336888239e-01
 -1.6738149845751e-01    5.7107985943513e-01
 -1.1916387303053e-01    6.6083147811361e-01
 -1.4218930685499e-01    7.0149816462242e-01
 -9.4220228510960e-02    7.0002708174571e-01
 -1.1224600634278e-01    7.3884438886985e-01
 -1.2553914902257e-01    7.8225923517759e-01
 -1.1511969391336e-01    8.4987286705442e-01
 -1.2759972421415e-01    8.8287557168182e-01
 -1.0281352602560e-01    9.1234064301959e-01
 -1.1398291385373e-01    9.4158850014459e-01
 -9.7869174823577e-02    9.6962834541768e-01
 -1.1879422910474e-01    9.9291889429793e-01
 -9.4400816566215e-02   -9.7128438856180e-01
 -1.0963281131741e-01   -9.4228016804113e-01
 -9.3399079442774e-02   -9.1873225714902e-01
 -1.2243009858391e-01   -9.0291686084736e-01
 -8.5305455176200e-02   -8.8872802876422e-01
 -1.1246519547674e-01   -8.6604299906913e-01
 -1.2800971533438e-01   -8.0018334127513e-01
 -8.5760872433934e-02   -7.9275813519333e-01
 -1.1349933347709e-01   -7.6175687934397e-01
 -1.0877641549597e-01   -7.2363492290836e-01
 -9.1579430988502e-02   -6.7794626394682e-01
 -9.8988791696059e-02   -6.0744275234518e-01
 -1.1806411890756e-01   -4.7576661681888e-01
 -1.2678888625889e-01   -3.8564744210395e-01
 -1.2698151155629e-01   -3.3358830634334e-01
 -1.6933766920875e-01   -3.1191382466312e-01
 -1.2357419479765e-01   -2.7163880495098e-01
 -9.7188594504214e-02   -2.1624971743913e-01
 -7.1239397721198e-02   -1.6078125788657e-01
 -8.1612034969409e-02   -5.5031127717664e-02
 -1.1004140656811e-01   -1.1091857082964e-03
 -1.4610608942062e-01    4.2377437255692e-02
 -1.0508529981501e-01    2.5064473498560e-01
 -1.1797623320897e-01    3.1524470619863e-01
 -7.1114615125111e-02    4.8681365204407e-01
 -1.4468541649726e-01    5.2553245569653e-01
 -9.5713405328174e-02    5.2993195104038e-01
 -1.1894226421590e-01    5.7397096329854e-01
 -9.4554035951585e-02    6.1948741146010e-01
 -6.7334719978857e-02    7.3762555962334e-01
 -1.0059640215629e-01    8.1433916793156e-01
 -9.0691431378570e-02    8.8120997235866e-01
 -6.7488321929805e-02    9.1300109110119e-01
 -8.0735150829234e-02    9.4246049118414e-01
 -6.4128496377136e-02    9.7136810234032e-01
 -8.6021357254185e-02    9.9629329356945e-01
 -7.8774840386134e-02   -9.9689243455448e-01
 -5.9561144922140e-02   -9.7425297894421e-01
 -7.5029679964551e-02   -9.4727559713234e-01
 -4.1634255526895e-02   -9.4676182832184e-01
 -5.9589155477284e-02   -9.1735744099754e-01
 -4.7997557512314e-02   -8.8588997193971e-01
 -7.3093589729631e-02   -8.5645967190572e-01
 -1.0031829497502e-01   -8.2979837052098e-01
 -6.9575086724753e-02   -7.5471880382131e-01
 -7.1178185508140e-02   -7.1063902915974e-01
 -3.7517824685050e-02   -6.7893243464134e-01
 -6.8056471420239e-02   -6.4316072644961e-01
 -5.7097825297079e-02   -5.9480596799366e-01
 -1.0629134300133e-01   -5.6261083166811e-01
 -8.4983066989188e-02   -5.1623390092449e-01
 -9.5076923258211e-02   -4.2735026677190e-01
 -7.8659958164445e-02   -3.7014672544750e-01
 -7.6343778670084e-02   -3.1394478234616e-01
 -3.6573405239525e-02   -2.0858278551935e-01
 -4.5856085837235e-02   -1.0555946729216e-01
 -5.5575691930292e-02    4.4461661843278e-04
 -8.8643042819952e-02    6.1288779899688e-02
 -9.4827191783289e-02    1.2910987635658e-01
 -9.3613768342183e-02    1.9189168345620e-01
 -6.6690411069855e-02    2.8386896082212e-01
 -1.0600607609986e-01    3.7840096650714e-01
 -4.1629098299642e-02    4.4587096216130e-01
 -4.4106616944184e-02    5.3482925418323e-01
 -6.9124601615180e-02    5.7736691385757e-01
 -4.4502223255729e-02    6.2171541634372e-01
 -7.0018245973167e-02    6.6132194936042e-01
 -8.5562274351284e-02    7.7531002655076e-01
 -6.1410284218555e-02    8.1134907985533e-01
 -7.6946447044621e-02    8.4759061774854e-01
 -3.9666573661573e-02    8.4708239557468e-01
 -5.4597257333453e-02    8.8132686920601e-01
 -3.2437659022006e-02    9.1439431323226e-01
 -4.6919356898939e-02    9.4411106951306e-01
 -2.9518473654672e-02    9.7281453168049e-01
 -5.4565265722970e-02    9.9851020574591e-01
 -4.3916614514644e-02   -9.9903519945018e-01
 -2.5716048931663e-02   -9.7439968468611e-01
 -2.5196195731375e-02   -9.1640678671309e-01
 -3.3937904581188e-02   -8.5280254122612e-01
 -5.9132882777250e-02   -8.2205785031198e-01
 -1.7970788275710e-02   -8.1779217229014e-01
 -4.1756920938076e-02   -7.8626071978499e-01
 -3.6674601081920e-02   -7.2543419949763e-01
 -2.2485658120423e-02   -6.3346674998221e-01
 -8.5977532181716e-03   -5.8786907900619e-01
 -4.9813236088290e-02   -5.5136881372776e-01
 -2.8522510590567e-02   -5.0635949516761e-01
 -6.2724712378985e-02   -4.6830346317998e-01
 -8.9073412155408e-03   -4.5674402035379e-01
 -4.3834485312273e-02   -4.1461988615085e-01
 -6.1345042432257e-02   -2.6166705101851e-01
 -3.0227561750291e-02    4.7967220693527e-02
 -4.7511507541491e-02    1.0854370605238e-01
 -4.3948204173300e-02    2.3129940091474e-01
 -5.8376227066777e-02    3.9408403686373e-01
 -1.6139163969277e-02    4.9216193460805e-01
 -1.7587996153446e-02    5.8134732326417e-01
 -4.5497555128121e-02    7.0058360008606e-01
 -4.3061224798494e-02    7.7499517762895e-01
 -1.9335095837949e-02    8.8218372691392e-01
 -1.2506468622101e-02    9.4548303297737e-01
 -2.5269101824487e-02    9.9968068428385e-01
 -9.8129408582272e-03   -9.9995185191994e-01
  7.5197702474719e-03   -9.7391400049360e-01
 -8.2292628114258e-03   -9.4607144680728e-01
  1.0120617970599e-02   -9.1590488933076e-01
 -1.1080104072584e-02   -8.8491521228309e-01
  4.3921056047262e-03   -8.5216241179601e-01
 -1.8150062780364e-02   -7.5684813454388e-01
  2.5907638209635e-02   -7.4796883824566e-01
  4.7129846664325e-04   -7.1181485496342e-01
  9.6441100289144e-03   -6.6952320620593e-01
  2.5838342013155e-02   -6.2573427298530e-01
  6.2691215973042e-03   -5.4361932627364e-01
 -2.9538827461743e-02   -3.5848160369550e-01
  8.3162379523489e-04   -2.5395308741780e-01
 -1.0894152695035e-02   -1.5417787249961e-01
  1.4967012817334e-02   -9.9214076457187e-02
 -2.0470109631870e-02   -5.0806193897897e-02
  4.8848331299313e-03    9.0052684316652e-02
 -4.3625065858378e-02    1.7006767521071e-01
 -1.7075357590127e-02    3.5225495309458e-01
 -6.6953654398655e-02    3.3717435051960e-01
 -7.4896756698306e-03    4.0279225598806e-01
  6.3367977356296e-03    6.2507352267761e-01
 -2.1385365022999e-02    7.3902161080874e-01
 -2.1421874753908e-02    8.1193968344595e-01
 -2.3550723450950e-03    8.4815029269638e-01
  1.5556044634754e-02    8.8323278139753e-01
  2.6080870463488e-03    9.1535677495511e-01
  2.2460931369571e-02    9.4498776949391e-01
  6.2806079438666e-03    9.7320579827232e-01
  2.1471333320406e-03    9.9999769520317e-01
  2.3746691286034e-02   -9.9971800666375e-01
  4.0131416076593e-02   -9.7265737668738e-01
  2.5290609294973e-02   -9.4466905938585e-01
  2.6032641808482e-02   -8.8558425300440e-01
  4.2669055254905e-02   -8.5486691128195e-01
  2.2759331242469e-02   -8.1885663392138e-01
  5.2327121551561e-02   -7.8275529762423e-01
  7.4422264348201e-03   -7.8566300915991e-01
  4.3175773367836e-02   -7.0576959830620e-01
  5.7204906462490e-02   -6.6331703149144e-01
  8.6035761415657e-03   -4.0425787173110e-01
  2.4566233496427e-02   -2.0150492102764e-01
  4.9913389102242e-02   -1.4742870043908e-01
  4.4199058049532e-02   -4.6382073728592e-02
  7.7024948273866e-03    1.6012248015529e-04
  3.7742219519375e-02    4.7967494051471e-02
  7.4689484402102e-03    1.4407483826135e-01
  1.1725900644205e-02    1.9897167939062e-01
 -1.5942629035598e-02    2.9501322971420e-01
  3.6573322531701e-02    4.9585759735524e-01
  7.9639442100845e-03    5.3987538878292e-01
 -1.9881839356534e-02    6.6348279947870e-01
  3.0161500110562e-02    6.6786077577857e-01
  3.2942790381989e-03    7.0373896152881e-01
  7.8258495456683e-05    7.7701112769301e-01
  1.8969447415296e-02    8.1420549058934e-01
  5.0449746337842e-02    8.8458729337312e-01
  3.8614330588326e-02    9.1487496740727e-01
  4.1546692446819e-02    9.7096603823112e-01
  3.1203890749278e-02    9.9951303965553e-01
  5.6861346805164e-02   -9.9838208432413e-01
  7.2262596484439e-02   -9.7296412340698e-01
  5.8073140750921e-02   -9.4302710716494e-01
  8.6208745039204e-02   -9.1384209683901e-01
  4.7341462990657e-02   -9.1456285889724e-01
  6.5122633330974e-02   -8.8526833388260e-01
  6.9107386819206e-02   -7.4228754970662e-01
  8.7437099712660e-02   -7.0046502233855e-01
  7.5291013094066e-02   -6.2029874862705e-01
  4.2668917170780e-02   -5.8138506157555e-01
  2.6456592851339e-02   -4.9720370892637e-01
  4.5232633838908e-02   -4.4809361627935e-01
  6.2824939161475e-02   -3.9740158311451e-01
  2.3982355364544e-02   -3.5142271073703e-01
 -1.8779538602802e-02   -3.0578138917668e-01
  7.6861384245406e-02   -9.3232118071370e-02
  1.1027352589318e-01   -3.9731369713768e-02
  7.3589300043823e-02    3.8063698406412e-03
  9.6060434317749e-02    6.0322098387989e-02
  1.2409300214614e-02    2.4929169163545e-01
  4.7605850063020e-02    2.8765230484311e-01
  2.9458819883082e-02    3.3638786420572e-01
  3.9158110175052e-02    3.8983451814806e-01
  8.6528301188451e-02    4.0048875611863e-01
  1.5179924578667e-02    4.4729066908898e-01
  6.4927922062679e-02    4.4658592198171e-01
  5.9020197381501e-02    5.4284035161461e-01
  3.5058540916102e-02    5.8548437305959e-01
  5.6235023859301e-02    6.2996445737344e-01
  7.9260383466400e-02    6.7470116459366e-01
  5.1375446068310e-02    7.0939630700918e-01
  2.4889078052684e-02    7.4334209582878e-01
  4.3556384114021e-02    7.8237519141388e-01
  3.5136259726292e-02    8.5022601586490e-01
  7.7441069811415e-02    9.0354278846664e-01
  5.8183909335176e-02    9.3949267510686e-01
  7.4191640681954e-02    9.6871065089298e-01
  6.1989298231610e-02    9.9807681329223e-01
  9.0905113157948e-02   -9.9585955746517e-01
  1.0605980375588e-01   -9.6954306941622e-01
  8.7603838240393e-02   -9.4507800598179e-01
  8.0977400602794e-02   -8.5143744950686e-01
  1.1707902880698e-01   -8.4382874135188e-01
  5.8275288267653e-02   -8.1998481997879e-01
  9.1884960768896e-02   -8.1163505130917e-01
  9.5490287441586e-02   -7.7513393707159e-01
  1.1343706729088e-01   -7.3591495292289e-01
  1.0527711112806e-01   -6.5882547878022e-01
  6.1132355442167e-02   -5.3664218069596e-01
  1.1536117984462e-01   -5.3155981558598e-01
  9.9839662805716e-02   -4.4203089422234e-01
  3.9928091904933e-02   -2.9914046118121e-01
  8.5027987738886e-02   -1.9570944734886e-01
  1.1040400650296e-01   -1.4221701604529e-01
  5.8842611914319e-02    1.0838162051774e-01
  1.1136040278263e-01    1.2096931925855e-01
  6.3448916814583e-02    1.6755204081929e-01
  1.1781812294081e-01    1.7814058199281e-01
  7.0635668257206e-02    2.2642435830600e-01
  8.1818960288162e-02    3.4244875081959e-01
  1.2890553663566e-01    3.8377323649820e-01
  1.2022577918167e-01    4.4622354603127e-01
  8.7363239286187e-02    4.9450279756202e-01
  1.0538890394867e-01    5.4550410961065e-01
  8.7082445186872e-02    5.9058625626537e-01
  7.0449739172454e-02    7.5001903549064e-01
  8.5335101451232e-02    7.9039895117547e-01
  5.9756615285908e-02    8.2130046320659e-01
  7.3050430019761e-02    8.6012305610161e-01
  8.9670000952289e-02    9.3627198003395e-01
  1.0583737074435e-01    9.6634406789213e-01
  9.3245492452561e-02    9.9564314744020e-01
  1.2451345460008e-01   -9.9221791895201e-01
  1.1688724483286e-01   -9.3671703636892e-01
  1.2484218504138e-01   -9.0578633288705e-01
  1.0267188524815e-01   -8.8077664191763e-01
  1.5581800810381e-01   -8.3644636516490e-01
  1.2981838184924e-01   -8.0664489996839e-01
  1.3788690091902e-01   -7.7038234132857e-01
  1.2505996166222e-01   -6.1681748036955e-01
  9.4369242123451e-02   -5.7646060882819e-01
  8.1180040049317e-02   -4.9026421581756e-01
  9.8681760041383e-02   -2.9331240218527e-01
  6.2744113253131e-02   -2.4750936874917e-01
  1.6837502246888e-01   -1.3817811001761e-01
  1.5141285799265e-01    7.4262961934215e-02
  9.6682998811726e-02    2.8098388020769e-01
  1.3229173863126e-01    3.2750168053080e-01
  1.7504117732160e-01    4.6838700937659e-01
  1.3545297176302e-01    4.9813613693803e-01
  1.4903688903069e-01    5.4768622869831e-01
  1.4456427217022e-01    6.3511994776713e-01
  1.0330815387908e-01    6.3678857482262e-01
  1.2723508261626e-01    6.8339153146066e-01
  9.8363423531827e-02    7.1720232668146e-01
  1.1431392177778e-01    7.5963144495577e-01
  9.8012320934777e-02    8.3050885969479e-01
  1.0421764744094e-01    8.7108878927815e-01
  1.1223426871437e-01    9.0531519611039e-01
  1.2189324443142e-01    9.3669594724047e-01
  1.2483017677667e-01    9.9217812309910e-01
  1.5644061020395e-01   -9.8768736753086e-01
  1.3725376891668e-01   -9.6279881072717e-01
  1.6163535661823e-01   -8.9801184885881e-01
  1.4010935660741e-01   -8.7186710562680e-01
  1.7067376116245e-01   -8.0129321156858e-01
  1.3348328677548e-01   -6.9625658982110e-01
  1.5382563170550e-01   -6.5701833753498e-01
  1.4549559038943e-01   -5.7274082018078e-01
  1.3571325674957e-01   -4.8588503725671e-01
  1.1739411533409e-01   -3.9186592903243e-01
  7.8879886766912e-02   -3.4559481957339e-01
  1.5734899637498e-01   -2.8682535280657e-01
  1.2494718329687e-01   -2.4250257322407e-01
  1.4396910742445e-01   -1.9281676852473e-01
  1.3646097821538e-01   -8.6618386396933e-02
  1.3133563281214e-01    2.2968239639670e-01
  1.6583888820665e-01    4.1926760636516e-01
  1.3799882349779e-01    5.9321812996252e-01
  1.6873544822728e-01    6.6662177252697e-01
  1.4258989899888e-01    7.2922226349582e-01
  1.5788712017511e-01    7.7121135888645e-01
  1.2526064761151e-01    7.9960905378993e-01
  1.3367015201498e-01    8.3952413514692e-01
  1.3863204421849e-01    8.7570800930047e-01
  1.4764960599732e-01    9.0847756657884e-01
  1.5365844200008e-01    9.3810665761811e-01
  1.3864938296857e-01    9.6545731336969e-01
  1.8803962805268e-01   -9.8216144219022e-01
  1.6849411820903e-01   -9.5782715264320e-01
  1.4958364920835e-01   -9.3098506124261e-01
  1.9687537707517e-01   -8.9246737815156e-01
  1.7824000908973e-01   -8.6295140875592e-01
  1.9660787270329e-01   -8.2590114728318e-01
  1.7983045151707e-01   -7.6748574708529e-01
  1.5833570377287e-01   -7.3303621996575e-01
  1.8010110344100e-01   -6.9877855193197e-01
  1.7367063859789e-01   -6.1466227345032e-01
  1.9530012062312e-01   -5.6972987654259e-01
  1.6964397519267e-01   -5.2783512117543e-01
  1.7089664367823e-01   -3.8856738424592e-01
  1.3362255868970e-01   -3.3989755865715e-01
  1.8950209194776e-01   -2.3574815810169e-01
  1.9198646133534e-01   -8.9883801739217e-02
  1.3532464775878e-01    1.3572865667714e-02
  2.0579346976090e-01    8.7545447257774e-02
  1.6525155969394e-01    1.3501050133388e-01
  1.5150944550069e-01    2.7678056053631e-01
  1.9158690410857e-01    3.0827788270369e-01
  1.7578624830340e-01    3.5946904172910e-01
  1.8547462607717e-01    5.1987353147233e-01
  1.8737973481755e-01    5.7437473781913e-01
  2.0869602888082e-01    6.6935067450350e-01
  1.7474591052774e-01    7.0610100113621e-01
  1.8849068251369e-01    7.4657311886290e-01
  1.6316894766719e-01    8.0990070973076e-01
  1.9546213246236e-01    8.2464549090299e-01
  1.6944455012441e-01    8.5105828878822e-01
  2.0814785188381e-01    8.5883413481285e-01
  1.7414584907859e-01    8.8528010051761e-01
  1.8236215243261e-01    9.2287606479432e-01
  1.7351220196261e-01    9.5851666538006e-01
  1.5778246649986e-01    9.8747389448385e-01
  2.1937216826273e-01   -9.7564125204227e-01
  1.9943892311263e-01   -9.5219953625626e-01
  2.1486148191175e-01   -9.2034800778205e-01
  1.8209396962415e-01   -9.2554458631007e-01
  2.3273036993613e-01   -8.9004141105026e-01
  2.1465083265456e-01   -8.5925927182432e-01
  2.1473370188164e-01   -7.8618165553981e-01
  2.0516798083536e-01   -7.4006793603130e-01
  2.2310183467444e-01   -7.0423825995817e-01
  1.9937116456103e-01   -6.6006975165170e-01
  1.8998893194517e-01   -4.8294005874836e-01
  1.5377752721441e-01   -4.3841561730824e-01
  1.8597465815130e-01   -3.3791513334976e-01
  2.1242382377228e-01   -2.8780397245104e-01
  1.9925397366653e-01   -1.8152557000523e-01
  1.7547061166299e-01   -3.3906671343806e-02
  2.3306488672974e-01   -1.3008840086468e-02
  1.9089585650319e-01    2.7297888883325e-02
  2.2052218566320e-01    1.4427850759857e-01
  1.7676347092443e-01    1.9189504383381e-01
  1.9613882189972e-01    2.4714400760287e-01
  2.3634683281089e-01    6.3622259855719e-01
  1.8921643851534e-01    6.2108190219026e-01
  2.5058456134512e-01    6.8199108665275e-01
  2.0221661340472e-01    7.8660053184541e-01
  2.0278226821682e-01    8.9400677327149e-01
  2.1743472004448e-01    9.2136042557217e-01
  2.0397170634036e-01    9.5017643571031e-01
  2.1795031212620e-01    9.7595986647975e-01
  1.8899838364257e-01    9.8197739910457e-01
  2.5072209127174e-01   -9.6805910677016e-01
  2.3030302158905e-01   -9.4628971391857e-01
  2.4927620985625e-01   -9.1727024419829e-01
  2.5163048312934e-01   -8.6199051889831e-01
  2.7062400125742e-01   -8.3236779795299e-01
  2.3336033967854e-01   -8.2609310774993e-01
  2.5177503818425e-01   -7.9386242883371e-01
  2.4326607877329e-01   -6.6452733814411e-01
  2.1833230487104e-01   -6.1928200479200e-01
  2.3846322863849e-01   -5.7762790430865e-01
  2.2456320628829e-01   -5.2408974908623e-01
  2.0658715413079e-01   -4.3449491659946e-01
  2.3746980630210e-01   -3.3910136241091e-01
  2.3322088402481e-01   -1.3416559859778e-01
  2.3560365802780e-01   -6.9070295971522e-02
  2.4709472551159e-01    4.5553694375013e-02
  2.1149067665113e-01    3.9623929897643e-01
  2.2099479788508e-01    4.4219249461358e-01
  2.2495714812212e-01    4.9166967480289e-01
  2.2926017983499e-01    5.4206232392270e-01
  2.3095078590386e-01    5.9068424087151e-01
  2.1824879608649e-01    7.1374073469017e-01
  2.3093877036619e-01    7.5523770171098e-01
  2.7539763623166e-01    7.6128400274182e-01
  2.4716562756759e-01    8.5293117797910e-01
  2.3388941961029e-01    8.8572420524493e-01
  2.4914114288749e-01    9.1366780766566e-01
  2.3845344553059e-01    9.4498990419352e-01
  2.4484233644321e-01    9.6956290699906e-01
  2.6221537490569e-01   -9.4160170124771e-01
  2.8692356919013e-01   -9.2485478663014e-01
  2.7060884373618e-01   -8.9463608784785e-01
  2.8763450607948e-01   -8.6641505542076e-01
  2.4442035495342e-01   -7.4962424900884e-01
  2.8981362974802e-01   -7.3863714481922e-01
  2.6283642916254e-01   -6.2386910416618e-01
  2.6977631188261e-01   -5.4363660495494e-01
  2.4264017421193e-01   -4.7369425833344e-01
  2.2448835961655e-01   -3.8589257865129e-01
  2.6891513684095e-01   -3.0427927443542e-01
  2.4563348542928e-01   -1.9716488197830e-01
  2.8555288737879e-01   -4.6219488230716e-02
  2.9021819843670e-01    9.1713533640012e-03
  2.6285453847383e-01    1.0134824091407e-01
  2.3275784835219e-01    1.9754696208629e-01
  2.8884996215041e-01    2.0655600751421e-01
  2.3175660710555e-01    3.5027035195712e-01
  2.8019294727906e-01    3.4802778713573e-01
  2.6761998046646e-01    4.5954614319847e-01
  2.7202805197800e-01    5.0777904419275e-01
  2.7429599366961e-01    6.0643869354444e-01
  2.9258644847237e-01    6.9418537022898e-01
  2.6093584672582e-01    7.2429177535288e-01
  2.4786467465797e-01    7.9056592264293e-01
  2.6977954507564e-01    8.2432344177067e-01
  2.2944450357669e-01    8.2173081731141e-01
  2.6815866412989e-01    8.8094630965261e-01
  2.7196736616199e-01    9.3655483917670e-01
  2.7146609498825e-01    9.6244800295552e-01
  2.8335950473166e-01   -9.5901375926844e-01
  3.1864378179750e-01   -9.2278862179083e-01
  3.0621627699874e-01   -8.9636028702828e-01
  3.0968494488897e-01   -8.4182431109046e-01
  2.9162598214417e-01   -8.0614968203592e-01
  2.8067772846728e-01   -7.7135129545857e-01
  2.6286475651641e-01   -7.0757816934725e-01
  3.0576500142275e-01   -7.0015470337611e-01
  2.8717385486004e-01   -6.6600049707132e-01
  2.8589847626930e-01   -5.8501436492884e-01
  2.8099223077925e-01   -5.0358098631522e-01
  2.6039265443597e-01   -4.2195866923176e-01
  2.8107072574218e-01   -3.6747377467915e-01
  2.8851409593173e-01   -1.5969313175018e-01
  2.8264658619049e-01   -1.0483700017290e-01
  3.0590278267012e-01    6.2973734768845e-02
  2.7799865326772e-01    1.5502571835880e-01
  2.6283063607251e-01    4.0141954229954e-01
  2.7240955193398e-01    5.5889285862023e-01
  2.8160900910569e-01    6.5029552158119e-01
  3.2393227322878e-01    6.6451485938734e-01
  3.0525161921477e-01    7.3246521813336e-01
  2.9184975104184e-01    7.9499624633928e-01
  3.0990007596263e-01    8.2693633953828e-01
  2.8847053882942e-01    8.5608436355116e-01
  2.8130227310397e-01    9.0760295277799e-01
  3.0091376564424e-01    9.5365135392018e-01
  3.1154895860102e-01   -9.5023010165974e-01
  3.4312871364758e-01   -9.3928839342200e-01
  3.2521807770991e-01   -8.7238887500863e-01
  3.2038472056353e-01   -7.7623542629734e-01
  3.2899307731029e-01   -7.3984054981994e-01
  3.3684762993968e-01   -6.6232095407611e-01
  3.0847178074891e-01   -6.2896430466230e-01
  3.2652180889486e-01   -5.8627678447286e-01
  3.1998353451110e-01   -5.4107859906835e-01
  3.3300923366035e-01   -4.9544650578786e-01
  2.9676166591423e-01   -4.5851702384692e-01
  3.1134254858262e-01   -4.1030042211199e-01
  3.0437550455406e-01   -2.6554390993719e-01
  2.9945262679635e-01   -2.1436384969382e-01
  3.3609664066898e-01    1.6672969901322e-01
  3.1275600921996e-01    2.5385866735559e-01
  2.9350390257080e-01    2.9799793431909e-01
  2.4098388239066e-01    2.9779063228945e-01
  3.3446307174216e-01    3.3744282004784e-01
  3.0364129164744e-01    4.3216454150298e-01
  3.1216082234460e-01    5.2833044098087e-01
  3.1449084595481e-01    5.7947224452362e-01
  3.5799983402948e-01    6.3594662118987e-01
  3.1906174584455e-01    6.2065301696783e-01
  3.6905209848925e-01    6.7304939634928e-01
  3.3669636511279e-01    7.0288333635504e-01
  3.4843683749304e-01    7.3926872833349e-01
  3.1937500411845e-01    7.6805872556435e-01
  3.4993193614531e-01    8.3452609172503e-01
  3.2549525095339e-01    8.5751191385328e-01
  3.0642557211573e-01    8.8821636879950e-01
  3.3352398183332e-01    9.1369625947318e-01
  3.0525827317685e-01    9.2440824023717e-01
  3.7145807996813e-01   -9.2844972671534e-01
  3.4393631213190e-01   -9.0594331387377e-01
  3.5487877431250e-01   -8.7634413664184e-01
  3.4899206786358e-01   -8.4234122572655e-01
  3.2653231589297e-01   -8.1292875696688e-01
  3.5655227380746e-01   -8.0316560258005e-01
  3.7027913523794e-01   -7.3001835287933e-01
  3.4283820794988e-01   -7.0251919558113e-01
  3.8303591031499e-01   -6.4816716155760e-01
  3.5368303979216e-01   -6.1954879828574e-01
  3.6413041130970e-01   -5.6933609491544e-01
  3.7006028097920e-01   -5.2438822546977e-01
  3.4911623989528e-01   -4.5028289320241e-01
  3.6342669115833e-01   -4.0848685935397e-01
  3.3831211251932e-01   -3.6543498013959e-01
  3.1500112382379e-01   -3.2331570291208e-01
  3.4502788583921e-01   -1.8394993514855e-01
  3.3855200881491e-01   -1.3190921634446e-01
  3.3341775066327e-01   -7.9902165234561e-02
  3.4926722590950e-01    2.8034597854135e-02
  3.6436537682231e-01    8.1607857169935e-02
  3.2107647698707e-01    1.1576479038643e-01
  3.7889169818152e-01    1.3573003685079e-01
  3.4563962741098e-01    2.1291549462526e-01
  3.5278569317031e-01    2.9103113050230e-01
  3.1697942593115e-01    3.8524187267774e-01
  3.2048700746154e-01    4.7838039214249e-01
  3.5805366316218e-01    5.0989308696766e-01
  3.4928420185060e-01    5.5604847105288e-01
  3.6460014113817e-01    5.9617696104816e-01
  3.7940933966913e-01    7.1037981588375e-01
  3.6124228772566e-01    7.7347270752178e-01
  3.3475088664442e-01    8.0157923245440e-01
  3.7424790332321e-01    8.0591790492155e-01
  3.6502720159493e-01    8.6636483884805e-01
  3.3934315681670e-01    8.8451895114486e-01
  3.6501579291710e-01    9.0203382136879e-01
  3.3090459492255e-01    9.4366421412516e-01
  3.7754706960258e-01   -8.9786002523682e-01
  3.8171678648498e-01   -8.6209261403447e-01
  3.8279738586700e-01   -8.2806610221701e-01
  3.9075708967121e-01   -7.9125310109531e-01
  3.5935354228304e-01   -7.6721590702044e-01
  3.7745485785430e-01   -6.8685185323958e-01
  3.9475346131050e-01   -6.0366664318870e-01
  4.0709917507242e-01   -5.5883007115348e-01
  4.1763703436878e-01   -5.1480802520276e-01
  3.8564093523502e-01   -4.7734390092096e-01
  3.9349478010956e-01   -3.7232226923981e-01
  3.7402518637587e-01   -3.2559688737893e-01
  3.5262978368514e-01   -2.8529769619465e-01
  3.5417507687074e-01   -2.3594673045541e-01
  3.9283995344586e-01   -1.5844216262928e-01
  3.8961389402286e-01   -1.0672624290925e-01
  3.3764256336497e-01   -2.3794446220721e-02
  3.7751838515488e-01    2.4694720702991e-01
  3.6896776738196e-01    3.8166234671543e-01
  3.5017389647439e-01    4.2970697015113e-01
  4.0660744832824e-01    5.0495852882158e-01
  3.8977964433929e-01    5.4875933601510e-01
  4.0768809622023e-01    5.8720886062704e-01
  3.9866726459787e-01    6.3420976878087e-01
  4.0922148862915e-01    6.7664825698687e-01
  4.1915387726509e-01    7.1595986413007e-01
  3.9011685976284e-01    7.4627251200015e-01
  4.0145237498275e-01    7.8087063267706e-01
  3.8621674907739e-01    8.3606506163905e-01
  3.9812303475368e-01    8.6328663366398e-01
  3.9055072560816e-01    9.2058140953620e-01
  3.6058370073374e-01    9.3272685982648e-01
  4.0167539661719e-01   -9.1578211054503e-01
  4.0726391621080e-01   -8.8304984401619e-01
  4.1196530798173e-01   -8.4911174841449e-01
  4.2625813293230e-01   -7.7835644546300e-01
  3.9837776681183e-01   -7.5482493702950e-01
  4.0727175279010e-01   -7.1512195146225e-01
  4.5095910872166e-01   -5.5102588394722e-01
  4.3346266670011e-01   -4.6994663330157e-01
  4.0546608691194e-01   -4.2830752016117e-01
  4.3644947324897e-01   -3.8080386798510e-01
  4.2141042150503e-01   -3.2507594830655e-01
  4.0288654578484e-01   -2.7078494105995e-01
  3.9852028969210e-01   -2.1254451775939e-01
  3.8351823285130e-01   -5.8354046491886e-02
  4.1905407678013e-01    9.4265345648322e-02
  3.9594370477033e-01    1.9038495635040e-01
  4.2839552805346e-01    2.3916682673382e-01
  3.8798658206468e-01    3.3524874241739e-01
  4.2212377379398e-01    3.7764956536837e-01
  4.0075986464999e-01    4.2228801753738e-01
  3.7540188592967e-01    4.6743357078238e-01
  4.5352232413091e-01    5.0183042035292e-01
  4.3319056866623e-01    5.4439843232734e-01
  4.5598293686555e-01    5.7964125174981e-01
  4.3643750642251e-01    6.1514512350085e-01
  4.4225201422660e-01    6.5145845710057e-01
  4.5029702050708e-01    6.8800876814066e-01
  4.5734702537528e-01    7.2476488613449e-01
  4.2870376091354e-01    7.5343487831514e-01
  4.3892809814158e-01    7.8909807959311e-01
  4.1347299919153e-01    8.1361559764895e-01
  4.2382574606669e-01    8.4406156345944e-01
  4.2563933360625e-01    8.7793567483091e-01
  3.9321573734338e-01    8.9104123430153e-01
  4.2066654698424e-01    9.0721533016426e-01
  4.3030625896852e-01   -9.0268295827414e-01
  4.5748695241942e-01   -8.8921633372907e-01
  4.3798465640621e-01   -8.6887258891194e-01
  4.4333482660724e-01   -8.3590512524216e-01
  4.1705916446646e-01   -8.1462181095064e-01
  4.5114792364575e-01   -8.0089387210141e-01
  4.3533755799466e-01   -7.4109078557328e-01
  4.4672744949063e-01   -7.0413092579907e-01
  4.1754917878855e-01   -6.7572513785421e-01
  4.2538096363490e-01   -6.3525900218678e-01
  4.3786697348520e-01   -5.9356063947910e-01
  4.8088678582460e-01   -5.8538347876277e-01
  4.6423487690241e-01   -5.0905069523164e-01
  4.5496665275903e-01   -4.2614209542536e-01
  4.8461220793056e-01   -3.8506145052668e-01
  4.6684347119794e-01   -3.3813891093405e-01
  4.5281564709472e-01   -2.8439528424031e-01
  4.4460744406889e-01   -2.3159537951684e-01
  4.8897803461804e-01   -1.9646376721766e-01
  4.3164765645492e-01    1.4609703663414e-01
  4.5238615243524e-01    1.9413489600439e-01
  4.0922943999379e-01    2.8966790424255e-01
  4.4087808484874e-01    3.3365262682056e-01
  4.5168822059045e-01    4.1818065800761e-01
  4.2687956177321e-01    4.6192044837169e-01
  4.7829020523692e-01    5.4148933034312e-01
  4.9885010963469e-01    5.8296198225131e-01
  4.8736877079225e-01    6.9622348863439e-01
  4.6516938581713e-01    7.5928796948166e-01
  4.7277017845893e-01    7.9158282969564e-01
  4.5035597699561e-01    8.2361967126457e-01
  4.5219329245868e-01    8.5934560001672e-01
  4.5138145354395e-01    8.9233109486798e-01
  4.8202404578120e-01   -8.7615798805094e-01
  4.6982224208244e-01   -8.5388273821301e-01
  5.0176320298181e-01   -8.3724198407512e-01
  4.7459090399205e-01   -8.2192883005326e-01
  4.8536308674725e-01   -7.8698057753039e-01
  4.6176525755777e-01   -7.6502278806984e-01
  4.7430768442562e-01   -7.3092265280882e-01
  4.5700620858829e-01   -6.6485680364679e-01
  4.9525266744700e-01   -5.4511125517166e-01
  5.1090598463459e-01   -5.0627026724928e-01
  4.8094623073147e-01   -4.6787823148671e-01
  5.0395397168290e-01   -4.2802387355414e-01
  4.9186071222526e-01   -2.4786041850535e-01
  4.4235391565979e-01   -1.7605778013922e-01
  4.3974952839855e-01   -1.2152431576802e-01
  4.3517130102435e-01   -6.3630709770921e-02
  3.9403017209495e-01   -1.1300720021029e-02
  4.4250345770910e-01   -6.5984925878582e-03
  4.0432619760595e-01    4.0657855148855e-02
  4.7251156997221e-01    1.0425533145773e-01
  4.6010942643914e-01    2.8682474178908e-01
  4.7735977326681e-01    6.1913833421320e-01
  4.8257181586847e-01    6.5657129698065e-01
  4.8233149178890e-01    8.1974679673097e-01
  4.7994217921666e-01    8.4777542354551e-01
  4.7957722715407e-01    8.7749967755754e-01
  5.0621388062638e-01   -8.6240796980994e-01
  5.3215877643802e-01   -8.1666332429185e-01
  5.0546391464485e-01   -8.0746049954709e-01
  5.2471916738273e-01   -7.8152632347897e-01
  5.0056011741143e-01   -7.5644627993469e-01
  5.1100237615046e-01   -7.2041815384014e-01
  4.8502350663388e-01   -6.9348990850643e-01
  4.9708726151988e-01   -6.5589691330725e-01
  4.6776274830547e-01   -6.2570207886637e-01
  5.0928019459270e-01   -6.1685084198879e-01
  5.2399455108175e-01   -5.7765262711703e-01
  5.4056189789493e-01   -5.3985147358676e-01
  5.2750177596557e-01   -4.6833817791221e-01
  5.3311218270484e-01   -3.9073483591838e-01
  5.1562114948465e-01   -3.4683592036397e-01
  4.9968500091849e-01   -2.9979883697315e-01
  5.3608492246315e-01   -2.6560012382536e-01
  5.3398964507191e-01   -2.1364772066314e-01
  4.8980507712531e-01   -1.4628148428731e-01
  4.8978185382807e-01    1.2536512291944e-02
  4.5475495464666e-01    5.0912254759130e-02
  4.8474399818408e-01    1.5051095034238e-01
  5.0517909818463e-01    2.0125774904980e-01
  4.8076652319817e-01    2.4180245145435e-01
  5.1115075206462e-01    2.8300510168463e-01
  4.9037289567458e-01    3.3128266708771e-01
  4.7519660506751e-01    3.7523976530701e-01
  4.7548660689411e-01    4.5870202123216e-01
  4.9831067656689e-01    5.0047331404416e-01
  5.3806480677757e-01    5.8424140996032e-01
  5.2352118374970e-01    7.0692241184732e-01
  4.9418811405296e-01    7.3262384776997e-01
  5.0067486453224e-01    7.6715731940525e-01
  5.0830938846530e-01    7.9894879098526e-01
  5.0866243151634e-01    8.6096604442483e-01
  5.3339672279300e-01   -8.4586519997996e-01
  5.6081625431054e-01   -8.2794029325957e-01
  5.5693869262943e-01   -7.9798279744759e-01
  5.3503293001643e-01   -7.4552537478157e-01
  5.4895716046175e-01   -7.1379667560141e-01
  5.2378885630497e-01   -6.8514648102755e-01
  5.5963802134581e-01   -6.7599405647917e-01
  5.3580083926945e-01   -6.4657846416138e-01
  5.5012726412050e-01   -6.0742512869438e-01
  5.5180166949360e-01   -4.3162050022490e-01
  5.6414495411758e-01   -3.5693683840079e-01
  5.4863581495675e-01   -3.1221323110419e-01
  5.4000755842502e-01   -1.6848018830260e-01
  5.3448063126821e-01   -1.1957245066188e-01
  4.8393451945396e-01   -9.3863924003335e-02
  4.8506202164907e-01   -4.1210856966255e-02
  5.0565460342702e-01    6.7018836323321e-02
  5.3078083016477e-01    1.1174343240111e-01
  5.3457543159878e-01    3.2240264911743e-01
  5.0158445265157e-01    4.1524805907062e-01
  5.1945378735954e-01    5.4309275086481e-01
  5.1715109914213e-01    6.2422902336234e-01
  5.1681291600138e-01    6.6845116655628e-01
  5.2871424535656e-01    7.4377777570812e-01
  5.3473026625658e-01    7.7792845127497e-01
  5.3818618858010e-01    8.1148248331970e-01
  5.1126372975945e-01    8.3155275115297e-01
  5.8723517075344e-01   -8.0941636648165e-01
  5.8407510026997e-01   -7.7760699068773e-01
  5.5540064849501e-01   -7.6782520813143e-01
  6.0396401436398e-01   -7.2724777809234e-01
  5.8178268522884e-01   -7.0364465458986e-01
  5.9463101679922e-01   -6.6617197122456e-01
  5.7326051772426e-01   -6.3776613957903e-01
  5.8990472433149e-01   -6.0107986557350e-01
  5.6760827358033e-01   -5.6883650189572e-01
  6.0835709903119e-01   -5.6433715339040e-01
  5.8721517031802e-01   -5.3025116233362e-01
  5.5808853223331e-01   -5.0431471844308e-01
  5.7255254107529e-01   -4.7027592110675e-01
  5.9857236003486e-01   -4.4238459868081e-01
  5.8102980851960e-01   -4.0000559575186e-01
  5.9570782203526e-01   -3.2285262705499e-01
  5.8313534297477e-01   -2.7811304571395e-01
  5.7260091786670e-01   -2.3228406606995e-01
  5.8857087687470e-01   -1.8999838668838e-01
  5.8375094869481e-01   -1.4073466691040e-01
  5.3065052667555e-01   -7.0602868348267e-02
  5.3396990416504e-01   -1.9390111114718e-02
  5.3662099870010e-01    2.8199917113296e-02
  5.6022687321304e-01    6.7842419316886e-02
  5.7445222780795e-01    1.4991868881726e-01
  5.3059705455982e-01    1.5913662251291e-01
  5.5776961320169e-01    2.0014091957400e-01
  5.3581302489090e-01    2.4351591231820e-01
  5.2723923051873e-01    3.7193191068246e-01
  5.2065392284492e-01    4.5844660919162e-01
  5.3989413712700e-01    5.0173199734468e-01
  5.6076172304041e-01    6.1728998209486e-01
  5.4729355726241e-01    6.4912325558711e-01
  5.5374141391906e-01    6.8417811282466e-01
  5.5675656460350e-01    7.2180072209709e-01
  5.6143351574201e-01    7.5730612071044e-01
  5.6445619897251e-01    7.9211481946509e-01
  5.6602107955923e-01    8.2439076726139e-01
  5.3822790112993e-01    8.4279933951587e-01
  6.1302998023151e-01   -7.9005964589047e-01
  6.0659429643554e-01   -7.5832192840455e-01
  5.7391160392517e-01   -7.4123077349077e-01
  6.1460480547223e-01   -6.9139940378579e-01
  6.1131949448321e-01   -6.3194009097055e-01
  6.0744397050508e-01   -4.9077811073913e-01
  6.1001661540002e-01   -3.6642869385295e-01
  6.3957322850564e-01   -3.3177430809309e-01
  6.2675512259525e-01   -2.8669396369435e-01
  6.1458395388431e-01   -2.3865484792831e-01
  6.3914287233174e-01   -2.0300092976782e-01
  6.2913778929902e-01   -1.5945178191212e-01
  5.7910533352222e-01   -9.2569093011325e-02
  6.2230841274404e-01   -6.7088144470282e-02
  5.7460836401236e-01   -4.3106304394377e-02
  5.8656804886221e-01    1.0579128859273e-01
  6.0394086343352e-01    1.9086346642148e-01
  5.8620446996056e-01    2.3958317668667e-01
  5.6560666986697e-01    2.8466935389637e-01
  5.6967686324208e-01    3.4054716293029e-01
  5.4789563175376e-01    4.1752097610645e-01
  5.6312727821104e-01    4.6103142043542e-01
  5.7989155184180e-01    5.0370696184182e-01
  5.5857157284168e-01    5.4332727920208e-01
  5.7807334758653e-01    5.8005473530769e-01
  5.8387227103986e-01    6.9761701670696e-01
  5.8776142207167e-01    7.3543012911530e-01
  6.1394281268738e-01    7.5295364282561e-01
  5.8978876531443e-01    7.7235424066774e-01
  5.9259927382388e-01    8.0549742481054e-01
  6.3772386242701e-01   -7.7026506841515e-01
  6.6432170022623e-01   -7.4744677351326e-01
  6.3526217266406e-01   -7.4263479250203e-01
  6.3348888429181e-01   -7.1439032554950e-01
  6.3212345719948e-01   -6.6060284639945e-01
  6.4858919553450e-01   -6.2933269647034e-01
  6.2847236476935e-01   -5.9748420610621e-01
  6.4717310643116e-01   -5.6233669742187e-01
  6.2844917217492e-01   -5.2737725555770e-01
  6.5029408043499e-01   -4.9253949176936e-01
  6.3593503583409e-01   -4.5488306436816e-01
  6.2465258876418e-01   -4.0976762456234e-01
  6.5201760331828e-01   -3.7574133727123e-01
  6.8070189219297e-01   -3.4228792571802e-01
  6.5589104672584e-01   -2.5219135378173e-01
  6.6800964347125e-01   -1.2990401510078e-01
  6.2725159101761e-01   -1.1139031409738e-01
  6.5675193054202e-01   -3.1106768948285e-02
  6.1270010096361e-01   -2.0970816476197e-02
  6.3556722789567e-01    9.7948595954298e-02
  6.2144023623063e-01    1.4391730111367e-01
  6.5049715091836e-01    1.8137550661027e-01
  6.1863932526789e-01    2.7142024581569e-01
  6.0354317494594e-01    3.0987586847736e-01
  6.1436501475173e-01    3.5041576562940e-01
  5.7707900472770e-01    3.8334994538926e-01
  5.9483232159734e-01    4.2581756678254e-01
  6.0402015966606e-01    4.6613662978302e-01
  6.1885841433178e-01    5.0856555846661e-01
  5.9809800444425e-01    5.4359556170857e-01
  6.1716484589537e-01    5.7885554616336e-01
  5.9768800531513e-01    6.1483170885983e-01
  6.3783532666479e-01    6.0853255627843e-01
  5.8336570067379e-01    6.5508234134765e-01
  6.1074317831205e-01    6.7898637341494e-01
  6.1412947917752e-01    7.1474613826021e-01
  6.3702988404344e-01    7.3377637626589e-01
  6.4226662409293e-01    7.6648129948603e-01
  6.1795298889072e-01    7.8621504964012e-01
  6.6287815029063e-01   -7.1828509678511e-01
  6.5140551537264e-01   -6.8757155731562e-01
  6.6863134590009e-01   -6.6050133383642e-01
  6.8280347164440e-01   -6.3170146991552e-01
  6.6493088676742e-01   -5.9649242023097e-01
  6.6895352614068e-01   -5.2775512521837e-01
  6.7614417007986e-01   -4.5798415582951e-01
  6.6340620825105e-01   -4.1898972074077e-01
  7.0225907989383e-01   -4.2273718153523e-01
  6.9142304613106e-01   -3.8375561850201e-01
  7.2114218533315e-01   -3.5022356149749e-01
  6.6905811713345e-01   -2.9800326161453e-01
  6.8237385814203e-01   -2.1926547562182e-01
  6.7725477672923e-01   -1.7326612557960e-01
  6.6935820123065e-01   -7.7407837044301e-02
  6.3391632658342e-01    1.7190369531380e-02
  5.8073493257066e-01    1.3732758332991e-02
  6.5810067452254e-01    5.5752198893202e-02
  6.0757726561357e-01    5.7398114969905e-02
  6.6699754860360e-01    1.3570618692932e-01
  6.3370500550975e-01    2.2687823085834e-01
  6.6308630549546e-01    2.6354109801331e-01
  6.4980340905991e-01    3.0995547021158e-01
  6.5284420634591e-01    3.5541064322291e-01
  6.2318242725528e-01    3.9297138415298e-01
  6.4102073743296e-01    4.3407103250310e-01
  6.4006529822812e-01    4.7319342711395e-01
  6.5830088626040e-01    5.0635844672744e-01
  6.3789691737758e-01    5.4402589093029e-01
  6.5690865342896e-01    5.7629440848010e-01
  6.1863894574429e-01    6.4133635266579e-01
  6.5779664497399e-01    6.3512334661705e-01
  6.4087019853571e-01    6.6481212991737e-01
  6.4344784085290e-01    6.9593097717185e-01
  6.6148844249883e-01    7.1729239762766e-01
  6.6575167140280e-01    7.4617337761558e-01
  6.9020964281938e-01   -7.2360945859981e-01
  7.1338723624550e-01   -7.0077004132808e-01
  6.8401281526456e-01   -6.9199430560828e-01
  7.0159229402408e-01   -6.6551271199441e-01
  6.9714976854553e-01   -5.9801311385767e-01
  6.8379520107229e-01   -5.6153847293860e-01
  7.1567448497703e-01   -5.6852751562469e-01
  7.0808028869215e-01   -5.2859677967140e-01
  6.9076716035328e-01   -4.9448760790770e-01
  7.0892229090524e-01   -3.1021037674749e-01
  6.9711640686319e-01   -2.6485456738624e-01
  7.2530300693829e-01   -2.3413558209231e-01
  7.1789239933897e-01   -1.9434995205390e-01
  7.1646059658079e-01   -1.4760529142308e-01
  7.0188149211982e-01   -1.0722232352749e-01
  6.9925630729314e-01   -3.3640298666690e-02
  6.7933328020005e-01    1.0436008965822e-02
  7.0382500006041e-01    4.9201398832025e-02
  6.9471447092434e-01    1.7252605402430e-01
  6.7829951059247e-01    2.1782087580925e-01
  7.0726252422898e-01    2.4951944556906e-01
  6.9002733545357e-01    3.3095033314467e-01
  6.9014798064880e-01    3.7077109356601e-01
  6.6501903767516e-01    3.9997188424774e-01
  6.8866349162059e-01    4.3067836018900e-01
  6.7532057540620e-01    4.6496898629369e-01
  6.9427053090427e-01    4.9848077517063e-01
  6.7474634660884e-01    5.3737263226603e-01
  7.0838870453324e-01    5.9195548629560e-01
  6.7807397051165e-01    6.0625536443798e-01
  6.9153054615885e-01    6.4033002621727e-01
  6.7110680916845e-01    6.6797440117973e-01
  6.8105717324796e-01    6.9455116716232e-01
  6.8997244754176e-01    7.2383563247655e-01
  7.3380815279487e-01   -6.7935675162220e-01
  7.2800972302575e-01   -6.5226147964781e-01
  7.1265384882949e-01   -6.2860192317427e-01
  7.3122826633955e-01   -5.9912977083662e-01
  7.3693062289236e-01   -5.4572986822121e-01
  7.5029403424967e-01   -5.1887191486542e-01
  7.2858169276651e-01   -4.9435593873211e-01
  7.1433818226904e-01   -4.6005941030752e-01
  7.3899517514460e-01   -4.2639265956445e-01
  7.2977074162229e-01   -3.8815137113938e-01
  7.6043570025933e-01   -3.5514901586176e-01
  7.5030866799882e-01   -3.1871081784258e-01
  7.3514150994544e-01   -2.8015624571001e-01
  7.6043898429728e-01   -2.5208187064976e-01
  7.5005514641724e-01   -1.7623379037336e-01
  7.6429659367434e-01   -1.4131190381970e-01
  7.4377951653693e-01   -1.0764579086511e-01
  7.1971330210494e-01   -6.8986884272176e-02
  7.4566243522416e-01   -3.1569240427593e-02
  7.2380027490585e-01    6.5838373407299e-03
  7.4767833801299e-01    4.4527773460931e-02
  6.8419757957953e-01    9.2902919324554e-02
  7.1216712690375e-01    1.2901228881621e-01
  7.3817436382631e-01    1.6343167202264e-01
  7.2164926704827e-01    2.0633271506402e-01
  6.9489759499737e-01    2.9151311764659e-01
  7.3032774991263e-01    3.1979259699256e-01
  7.2690168603774e-01    3.5942174801145e-01
  7.1334731991605e-01    3.9981249681618e-01
  7.3281999633558e-01    4.2961410590473e-01
  7.1473139717564e-01    4.6289208375412e-01
  7.3079466081622e-01    4.9693920103301e-01
  7.1017046946278e-01    5.3094326812595e-01
  7.2660380655195e-01    5.6197442075896e-01
  6.9054961542084e-01    5.6659433352139e-01
  7.4129352858927e-01    5.9300491434948e-01
  7.1570390340029e-01    6.1998247704144e-01
  7.2638263555671e-01    6.4841453548530e-01
  7.0420864251883e-01    6.7111109464696e-01
  7.1244111433364e-01    7.0173189971952e-01
  7.5667945097860e-01   -6.5378605728530e-01
  7.4655180786315e-01   -6.2548557697360e-01
  7.6677024056072e-01   -6.0103804609647e-01
  7.5244204148439e-01   -5.7434238172555e-01
  7.7191301928448e-01   -5.4696995363588e-01
  7.8784874346767e-01   -5.1953272182339e-01
  7.6869234851130e-01   -4.9145828527386e-01
  7.5131663564341e-01   -4.6172636513570e-01
  7.6464462806233e-01   -3.9384847816387e-01
  7.7683504717372e-01   -2.8814200745640e-01
  7.6503142373437e-01   -2.1385155581718e-01
  7.8941392418523e-01   -1.7973018392150e-01
  8.0504530277304e-01   -1.4434044783140e-01
  7.8694798673592e-01   -1.0525701379068e-01
  7.6488102057207e-01   -6.9260259835041e-02
  8.0998955187311e-01    2.7613957473851e-03
  7.6825457989680e-01    5.2383352520541e-03
  7.7150431599320e-01    8.0845836696496e-02
  7.2890027828094e-01    8.6318331465777e-02
  7.5541430776822e-01    1.2139777903080e-01
  7.6308737629316e-01    1.9644942231472e-01
  7.4895621850556e-01    2.3844918264741e-01
  7.3742758469682e-01    2.7986355098131e-01
  7.6889315975214e-01    3.0905740853280e-01
  7.6282837125064e-01    3.4885832948698e-01
  7.6790683945294e-01    4.2922133773739e-01
  7.5294676119302e-01    4.6442967943559e-01
  7.4509671254718e-01    5.3241059169315e-01
  7.6052332819009e-01    5.6415947901793e-01
  7.7256079007425e-01    5.9444081682828e-01
  7.4893271540224e-01    6.2250340559117e-01
  7.5555379197250e-01    6.5508660980110e-01
  7.3429518835436e-01    6.7883029938252e-01
  7.7761633770060e-01   -6.2873908116919e-01
  7.9797614508076e-01   -6.0268903477813e-01
  7.8657987221380e-01   -5.7489455024309e-01
  8.0528644154999e-01   -5.4772436235938e-01
  8.0574471701684e-01   -4.9241614089129e-01
  7.8845979139731e-01   -4.6331174652968e-01
  7.7461862483293e-01   -4.3001404636666e-01
  7.9905757610063e-01   -3.9956343991018e-01
  7.9398651861801e-01   -3.6531866191669e-01
  8.1898633528265e-01   -3.4359665066636e-01
  7.9069706326416e-01   -3.2301292567553e-01
  8.1321372993961e-01   -2.8367267130330e-01
  7.9578974757473e-01   -2.4904176302176e-01
  8.0839636190233e-01   -2.1503832021800e-01
  8.0752686502750e-01   -6.9124522852708e-02
  7.8961986753588e-01   -3.2793513546706e-02
  7.9738028041236e-01    1.1522564796053e-01
  7.7969853261063e-01    1.5490836314537e-01
  7.8803456989008e-01    2.2803199001102e-01
  7.7685237436804e-01    2.6900927278821e-01
  8.0604883754785e-01    2.9655055213384e-01
  8.0013514327241e-01    3.3390864671348e-01
  7.5308612210406e-01    3.9027676453809e-01
  7.9326826375994e-01    4.5085375706249e-01
  7.8291786067481e-01    4.7969255497069e-01
  7.6347585051131e-01    5.0401033846639e-01
  7.7932390796302e-01    5.3569674196182e-01
  7.9277341698129e-01    6.0951645448183e-01
  7.7544768482851e-01    6.3141182168776e-01
  8.1763736175633e-01   -5.7573356971056e-01
  8.3638901443882e-01   -5.4813631303679e-01
  8.2236079321686e-01   -5.2043916110555e-01
  8.2449626563803e-01   -4.6511855457571e-01
  8.0875557324342e-01   -4.3550514526954e-01
  8.2920893875750e-01   -4.0845217930800e-01
  8.3093848519316e-01   -3.1119487579936e-01
  8.2787028970766e-01   -1.8110641737040e-01
  8.2526178730662e-01   -1.1022093951354e-01
  8.4331384576742e-01   -7.7691395252609e-02
  8.3200846645460e-01   -3.4296786682908e-02
  8.2944715469724e-01    3.9793256133469e-02
  7.9010220576237e-01    4.1383163602861e-02
  8.1191266121398e-01    7.7463358076844e-02
  8.3868742524962e-01    1.1053363929550e-01
  8.1976639273789e-01    1.4745583118942e-01
  8.0227364860998e-01    1.8715234104361e-01
  8.2507859199714e-01    2.1792246603142e-01
  8.1379233681419e-01    2.5735783167633e-01
  7.9273472055540e-01    3.6948970415956e-01
  7.8749731193086e-01    4.0149440706403e-01
  8.1079048203965e-01    4.2372623549755e-01
  8.1633029156293e-01    4.7908735213880e-01
  7.9903405742450e-01    5.0900995164639e-01
  8.1261537205579e-01    5.3753301374196e-01
  7.9275894312524e-01    5.6531054939174e-01
  8.0937314419243e-01    5.8729474254762e-01
  8.5410263622376e-01   -5.2010449515148e-01
  8.7114520789997e-01   -4.9102548674531e-01
  8.3999081873416e-01   -4.9302651315233e-01
  8.5794175648419e-01   -4.6464792935796e-01
  8.4360743294399e-01   -4.3726491400025e-01
  8.5863031309574e-01   -4.0398967984212e-01
  8.3218565958399e-01   -3.7584601585471e-01
  8.5176649722953e-01   -3.4262642434904e-01
  8.5271994667858e-01   -2.7854147031852e-01
  8.3338357281336e-01   -2.4864453049116e-01
  8.4827710128918e-01   -2.1558336691563e-01
  8.4346123251818e-01   -1.4688984059398e-01
  8.6575667546994e-01   -5.1950190446374e-02
  8.4947938317474e-01    7.5539035031741e-02
  8.5845186115165e-01    1.4098268749715e-01
  8.3954116612394e-01    1.7885922728058e-01
  8.4888633862500e-01    2.4703913171030e-01
  8.4013638546214e-01    2.8490344453471e-01
  8.3516434773488e-01    3.2336027927027e-01
  8.3028823349447e-01    3.5881644240581e-01
  8.2455071623979e-01    3.9116643819142e-01
  8.4550489534152e-01    4.1803404636609e-01
  8.3072261596795e-01    4.4993390959384e-01
  8.4804011972083e-01    4.7945499207504e-01
  8.3107085888988e-01    5.0853618816409e-01
  8.4471807868415e-01    5.3521151696838e-01
  8.2694979096547e-01    5.6227577085364e-01
  8.8766920618435e-01   -4.6048168348374e-01
  9.0304221123773e-01   -4.2955181620386e-01
  8.7394558218398e-01   -4.3332555078895e-01
  8.8818349215313e-01   -4.0207796394399e-01
  8.6716494413418e-01   -3.7290473938436e-01
  8.8301349783525e-01   -3.4096734681932e-01
  8.6647966386502e-01   -3.0902565970694e-01
  8.8988862103267e-01   -2.7694911111225e-01
  8.7175800405974e-01   -2.4685379101079e-01
  8.8540086830087e-01   -2.1517782802980e-01
  8.6326231984161e-01   -1.1361511785441e-01
  8.8251971704788e-01   -8.3506254560834e-02
  8.7458914374742e-01   -2.1462561932980e-02
  8.4807687844940e-01    3.3805637270998e-03
  8.6650455008309e-01    3.8514360936712e-02
  8.8250040216826e-01    7.1272373499844e-02
  8.7981525410709e-01    1.0611434196073e-01
  8.7438702920268e-01    1.7317390486212e-01
  8.6032972317074e-01    2.0982827787003e-01
  8.7325790118190e-01    2.7352750203665e-01
  8.6557239719151e-01    3.1021333381714e-01
  8.6331736569482e-01    3.4944773989868e-01
  8.5959924046099e-01    3.8474207987775e-01
  8.7506738405312e-01    4.2098439537214e-01
  8.6228573802531e-01    4.4991300009854e-01
  8.7818963289408e-01    4.7831262758370e-01
  8.6193197630898e-01    5.0702393620980e-01
  9.1705768851443e-01   -3.9875455593289e-01
  8.9890633165140e-01   -3.7176950706712e-01
  9.1213145401598e-01   -3.4208027728848e-01
  8.9757362290799e-01   -3.0911033868193e-01
  9.2361945118328e-01   -2.8264200223962e-01
  9.0842813227715e-01   -2.4611386052018e-01
  8.6437357172646e-01   -1.8210659652011e-01
  8.9804865046158e-01   -1.8073117077499e-01
  8.7919858623403e-01   -1.4754845401156e-01
  9.0089909519570e-01   -1.1479202713295e-01
  9.0274713299446e-01   -5.0641219198513e-02
  9.1198486332581e-01   -1.8748415274635e-02
  8.8771976093700e-01    1.0646576094498e-02
  9.0525381738621e-01    4.4154619802961e-02
  9.1309652922833e-01    7.9908344772367e-02
  9.1922492230122e-01    1.1216112975692e-01
  8.9444360475717e-01    1.3854406573510e-01
  9.0733205837795e-01    1.6992969492111e-01
  8.9408666240297e-01    2.0377735758849e-01
  8.8298910568763e-01    2.3835619823220e-01
  9.0670400384738e-01    2.6351842827408e-01
  8.9736966513142e-01    2.9621235031632e-01
  9.1380278353323e-01    3.4566273572146e-01
  8.8966565596268e-01    3.3055369831561e-01
  8.9338040078937e-01    3.6744146571346e-01
  8.8930302721889e-01    3.9573813143750e-01
  9.0639437977554e-01    4.2243251309920e-01
  8.9300589553904e-01    4.5004496677306e-01
  9.2947406689150e-01   -3.6888746191771e-01
  9.4096854149031e-01   -3.3849401993714e-01
  9.2548640765859e-01   -3.1288548415568e-01
  9.6006540978184e-01   -2.7977564087586e-01
  9.3801913226631e-01   -2.5852317124348e-01
  9.4295375756824e-01   -2.2983436957906e-01
  9.1819379189331e-01   -2.1136055888019e-01
  9.2962179494772e-01   -1.7833153126716e-01
  9.1187596963528e-01   -1.4645473263196e-01
  9.3534101008820e-01   -1.1322385471755e-01
  9.1695110022451e-01   -8.1495767155573e-02
  9.4618841226841e-01   -7.9691071116707e-02
  9.3815102434030e-01   -4.7170396184636e-02
  9.4437182527782e-01   -1.3172702471900e-02
  9.2162410029378e-01    1.5566710222789e-02
  9.4958247679991e-01    2.1307169037976e-02
  9.3861337979089e-01    5.2763935138874e-02
  9.4399611244838e-01    8.9187093943190e-02
  9.5810301289410e-01    1.2329921854319e-01
  9.3052217737466e-01    1.4058981493396e-01
  9.3843693685125e-01    1.7009635455940e-01
  9.2648934191222e-01    2.0000141567413e-01
  9.4849529790753e-01    2.2256204566259e-01
  9.1618001053474e-01    2.3142758017717e-01
  9.3052041432466e-01    2.8438974069587e-01
  9.2112918193532e-01    3.1464854180669e-01
  9.4177104617479e-01    3.3625481154787e-01
  9.3003227265774e-01    3.6747784991788e-01
  9.1923354655060e-01    3.9371269535832e-01
  9.5175653931585e-01   -3.0685418348383e-01
  9.6830866646280e-01   -2.4975653403027e-01
  9.7541354353669e-01   -2.2038244126564e-01
  9.5202238094033e-01   -1.9993078604935e-01
  9.6091771049123e-01   -1.6767749405367e-01
  9.4034574056112e-01   -1.4572781370413e-01
  9.6528818818637e-01   -1.3169262343676e-01
  9.6822310472267e-01   -9.9433356030243e-02
  9.7082316260619e-01   -6.2884762803392e-02
  9.7062070644425e-01   -3.1476997339067e-02
  9.7428307362950e-01    1.4025143520859e-03
  9.7335903707472e-01    3.6120087599199e-02
  9.6852428740933e-01    6.5724430544210e-02
  9.7226816141773e-01    9.7208897977768e-02
  9.6344702706975e-01    1.5450298916277e-01
  9.8411461876309e-01    1.7753426598085e-01
  9.5871733589722e-01    1.9065510913988e-01
  9.6975999657242e-01    2.4406054815360e-01
  9.3957568956938e-01    2.5371277226962e-01
  9.6133178989129e-01    2.7539278986336e-01
  9.5200740268106e-01    3.0607499998721e-01
  9.8186320061832e-01   -1.8959075525637e-01
  9.8752539587637e-01   -1.5745981328209e-01
  9.9185593676784e-01   -1.2736483121342e-01
  9.9504307014251e-01   -9.9444894483526e-02
  9.9736725906807e-01   -7.2515870344910e-02
  9.9907730556035e-01   -4.2948085507538e-02
  9.9991693671082e-01   -1.2888795537480e-02
  9.9981067144332e-01    1.9458179656090e-02
  9.9866157924920e-01    5.1720893620777e-02
  9.9661116566286e-01    8.2256809805412e-02
  9.9327653671113e-01    1.1576580273001e-01
  9.8952029397873e-01    1.4439386062243e-01
  9.7730901839567e-01    2.1181851288848e-01
